1.0 266.0 0.0
1.8577816707663501 266.51401420729127 0.0
2.7155633415327003 267.0280284145826 0.0
3.5733450122990504 267.54204262187386 0.0
4.431126683065401 268.05605682916513 0.0
5.288908353831751 268.57007103645645 0.0
6.146690024598101 269.0840852437477 0.0
7.004471695364451 269.598099451039 0.0
7.862253366130801 270.11211365833026 0.0
8.720035036897151 270.6261278656216 0.0
9.577816707663501 271.14014207291285 0.0
10.435598378429852 271.6541562802041 0.0
11.293380049196202 272.16817048749544 0.0
12.151161719962552 272.6821846947867 0.0
13.008943390728902 273.196198902078 0.0
13.866725061495252 273.7102131093693 0.0
14.724506732261602 274.2242273166606 0.0
15.582288403027952 274.73824152395184 0.0
16.440070073794303 275.25225573124317 0.0
17.297851744560653 275.76626993853444 0.0
18.155633415327003 276.2802841458257 0.0
19.013415086093353 276.79429835311703 0.0
19.871196756859703 277.3083125604083 0.0
20.728978427626053 277.82232676769956 0.0
21.586760098392404 278.3363409749909 0.0
22.444541769158754 278.85035518228216 0.0
23.302323439925104 279.3643693895734 0.0
24.160105110691454 279.8783835968647 0.0
25.017886781457804 280.392397804156 0.0
25.875668452224154 280.9064120114473 0.0
26.733450122990504 281.42042621873856 0.0
27.591231793756855 281.9344404260299 0.0
28.449013464523205 282.44845463332115 0.0
29.306795135289555 282.9624688406124 0.0
30.164576806055905 283.47648304790374 0.0
31.022358476822255 283.990497255195 0.0
31.880140147588605 284.5045114624863 0.0
32.737921818354955 285.0185256697776 0.0
33.595703489121306 285.53253987706887 0.0
34.453485159887656 286.04655408436014 0.0
35.311266830654006 286.5605682916514 0.0
36.169048501420356 287.07458249894273 0.0
37.026830172186706 287.588596706234 0.0
37.884611842953056 288.10261091352527 0.0
38.742393513719406 288.6166251208166 0.0
39.60017518448576 289.13063932810786 0.0
40.45795685525211 289.64465353539913 0.0
41.31573852601846 290.15866774269045 0.0
42.17352019678481 290.6726819499817 0.0
43.03130186755116 291.186696157273 0.0
43.88908353831751 291.7007103645643 0.0
44.74686520908386 292.2147245718556 0.0
45.60464687985021 292.72873877914685 0.0
46.46242855061656 293.2427529864382 0.0
47.32021022138291 293.75676719372944 0.0
48.17799189214926 294.2707814010207 0.0
49.03577356291561 294.78479560831204 0.0
49.89355523368196 295.2988098156033 0.0
50.75133690444831 295.8128240228946 0.0
51.60911857521466 296.32683823018584 0.0
52.46690024598101 296.84085243747717 0.0
53.32468191674736 297.35486664476844 0.0
54.18246358751371 297.8688808520597 0.0
55.04024525828006 298.38289505935103 0.0
55.89802692904641 298.8969092666423 0.0
56.75580859981276 299.41092347393356 0.0
57.61359027057911 299.9249376812249 0.0
58.47137194134546 300.43895188851616 0.0
59.32915361211181 300.9529660958074 0.0
60.18693528287816 301.4669803030987 0.0
61.04471695364451 301.98099451039 0.0
61.90249862441086 302.4950087176813 0.0
62.76028029517721 303.00902292497256 0.0
63.61806196594356 303.5230371322639 0.0
64.47584363670991 304.03705133955515 0.0
65.33362530747627 304.5510655468464 0.0
66.19140697824261 305.06507975413774 0.0
67.04918864900895 305.579093961429 0.0
67.90697031977531 306.0931081687203 0.0
68.76475199054167 306.6071223760116 0.0
69.62253366130801 307.12113658330287 0.0
70.48031533207435 307.63515079059414 0.0
71.33809700284071 308.14916499788546 0.0
72.19587867360707 308.66317920517673 0.0
73.05366034437341 309.177193412468 0.0
73.91144201513976 309.6912076197593 0.0
74.76922368590611 310.2052218270506 0.0
75.62700535667247 310.71923603434186 0.0
76.48478702743881 311.2332502416332 0.0
77.34256869820516 311.74726444892445 0.0
78.20035036897151 312.2612786562157 0.0
79.05813203973787 312.77529286350705 0.0
79.91591371050421 313.2893070707983 0.0
80.77369538127056 313.8033212780896 0.0
81.63147705203691 314.31733548538085 0.0
82.48925872280327 314.8313496926722 0.0
83.34704039356961 315.34536389996344 0.0
84.20482206433596 315.8593781072547 0.0
85.06260373510231 316.37339231454604 0.0
85.92038540586867 316.8874065218373 0.0
86.77816707663501 317.4014207291286 0.0
87.63594874740136 317.91543493641984 0.0
88.49373041816771 318.42944914371117 0.0
89.35151208893407 318.94346335100244 0.0
90.20929375970042 319.4574775582937 0.0
91.06707543046676 319.97149176558503 0.0
91.92485710123312 320.4855059728763 0.0
92.78263877199947 320.99952018016756 0.0
93.64042044276582 321.5135343874589 0.0
94.49820211353216 322.02754859475016 0.0
95.35598378429852 322.5415628020414 0.0
96.21376545506487 323.05557700933275 0.0
97.07154712583122 323.569591216624 0.0
97.92932879659756 324.0836054239153 0.0
98.78711046736392 324.5976196312066 0.0
99.64489213813027 325.1116338384979 0.0
100.50267380889662 325.62564804578915 0.0
101.36045547966296 326.1396622530805 0.0
102.21823715042932 326.65367646037174 0.0
103.07601882119567 327.167690667663 0.0
103.93380049196202 327.68170487495433 0.0
104.79158216272836 328.1957190822456 0.0
105.64936383349472 328.70973328953687 0.0
106.50714550426108 329.2237474968282 0.0
107.36492717502742 329.73776170411946 0.0
108.22270884579376 330.25177591141073 0.0
109.08049051656012 330.76579011870206 0.0
109.93827218732648 331.2798043259933 0.0
110.79605385809282 331.7938185332846 0.0
111.65383552885916 332.30783274057586 0.0
112.51161719962552 332.82184694786713 0.0
113.36939887039188 333.33586115515845 0.0
114.22718054115822 333.8498753624497 0.0
115.08496221192456 334.363889569741 0.0
115.94274388269092 334.8779037770323 0.0
116.80052555345728 335.3919179843236 0.0
117.65830722422362 335.90593219161485 0.0
118.51608889498996 336.4199463989062 0.0
119.37387056575632 336.93396060619745 0.0
120.23165223652268 337.4479748134887 0.0
121.08943390728902 337.96198902078004 0.0
121.94721557805536 338.4760032280713 0.0
122.80499724882172 338.9900174353626 0.0
123.66277891958808 339.5040316426539 0.0
124.52056059035442 340.01804584994517 0.0
125.37834226112076 340.53206005723644 0.0
126.23612393188712 341.04607426452776 0.0
127.09390560265348 341.56008847181903 0.0
127.95168727341982 342.0741026791103 0.0
128.80946894418616 342.5881168864016 0.0
129.66725061495254 343.1021310936929 0.0
130.52503228571888 343.61614530098416 0.0
131.38281395648522 344.1301595082755 0.0
132.24059562725157 344.64417371556675 0.0
133.0983772980179 345.158187922858 0.0
133.95615896878428 345.67220213014934 0.0
134.81394063955062 346.1862163374406 0.0
135.67172231031697 346.7002305447319 0.0
136.52950398108334 347.2142447520232 0.0
137.38728565184968 347.7282589593145 0.0
138.24506732261602 348.24227316660574 0.0
139.10284899338237 348.756287373897 0.0
139.9606306641487 349.2703015811883 0.0
140.81841233491508 349.7843157884796 0.0
141.67619400568142 350.29832999577087 0.0
142.53397567644777 350.81234420306214 0.0
143.39175734721414 351.32635841035346 0.0
144.24953901798048 351.84037261764473 0.0
145.10732068874682 352.354386824936 0.0
145.96510235951317 352.8684010322273 0.0
146.8228840302795 353.3824152395186 0.0
147.68066570104588 353.89642944680986 0.0
148.53844737181223 354.4104436541012 0.0
149.39622904257857 354.92445786139245 0.0
150.25401071334494 355.4384720686837 0.0
151.11179238411128 355.95248627597505 0.0
151.96957405487763 356.4665004832663 0.0
152.82735572564397 356.9805146905576 0.0
153.6851373964103 357.4945288978489 0.0
154.54291906717668 358.0085431051402 0.0
155.40070073794303 358.52255731243145 0.0
156.25848240870937 359.03657151972277 0.0
157.11626407947574 359.55058572701404 0.0
157.97404575024208 360.0645999343053 0.0
158.83182742100843 360.57861414159663 0.0
159.68960909177477 361.0926283488879 0.0
160.5473907625411 361.60664255617917 0.0
161.40517243330748 362.1206567634705 0.0
162.26295410407383 362.63467097076176 0.0
163.12073577484017 363.14868517805303 0.0
163.97851744560654 363.66269938534435 0.0
164.83629911637289 364.1767135926356 0.0
165.69408078713923 364.6907277999269 0.0
166.55186245790557 365.20474200721816 0.0
167.4096441286719 365.7187562145094 0.0
168.26742579943829 366.23277042180075 0.0
169.12520747020463 366.746784629092 0.0
169.98298914097097 367.2607988363833 0.0
170.84077081173734 367.7748130436746 0.0
171.6985524825037 368.2888272509659 0.0
172.55633415327003 368.80284145825715 0.0
173.41411582403637 369.3168556655485 0.0
174.27189749480272 369.83086987283974 0.0
175.1296791655691 370.344884080131 0.0
175.98746083633543 370.85889828742233 0.0
176.84524250710177 371.3729124947136 0.0
177.70302417786814 371.88692670200487 0.0
178.5608058486345 372.4009409092962 0.0
179.41858751940083 372.91495511658746 0.0
180.27636919016717 373.42896932387873 0.0
181.13415086093352 373.94298353117006 0.0
181.9919325316999 374.4569977384613 0.0
182.84971420246623 374.9710119457526 0.0
183.70749587323257 375.4850261530439 0.0
184.56527754399895 375.9990403603352 0.0
185.4230592147653 376.51305456762645 0.0
186.28084088553163 377.0270687749178 0.0
187.13862255629797 377.54108298220905 0.0
187.99640422706432 378.0550971895003 0.0
188.8541858978307 378.56911139679164 0.0
189.71196756859703 379.0831256040829 0.0
190.56974923936338 379.5971398113742 0.0
191.42753091012975 380.1111540186655 0.0
192.2853125808961 380.62516822595677 0.0
193.14309425166243 381.13918243324804 0.0
194.00087592242878 381.6531966405393 0.0
194.85865759319512 382.1672108478306 0.0
195.7164392639615 382.6812250551219 0.0
196.57422093472783 383.19523926241317 0.0
197.43200260549418 383.70925346970444 0.0
198.28978427626055 384.22326767699576 0.0
199.1475659470269 384.73728188428703 0.0
200.00534761779323 385.2512960915783 0.0
200.86312928855958 385.7653102988696 0.0
201.72091095932592 386.2793245061609 0.0
202.5786926300923 386.79333871345216 0.0
203.43647430085863 387.3073529207435 0.0
204.29425597162498 387.82136712803475 0.0
205.15203764239135 388.335381335326 0.0
206.0098193131577 388.84939554261734 0.0
206.86760098392404 389.3634097499086 0.0
207.72538265469038 389.8774239571999 0.0
208.58316432545672 390.3914381644912 0.0
209.4409459962231 390.9054523717825 0.0
210.29872766698944 391.41946657907374 0.0
211.15650933775578 391.93348078636507 0.0
212.01429100852215 392.44749499365633 0.0
212.8720726792885 392.9615092009476 0.0
213.72985435005484 393.4755234082389 0.0
214.58763602082118 393.9895376155302 0.0
215.44541769158752 394.50355182282146 0.0
216.3031993623539 395.0175660301128 0.0
217.16098103312024 395.53158023740406 0.0
218.01876270388658 396.0455944446953 0.0
218.87654437465295 396.55960865198665 0.0
219.7343260454193 397.07362285927786 0.0
220.59210771618564 397.5876370665692 0.0
221.44988938695198 398.1016512738605 0.0
222.30767105771832 398.6156654811517 0.0
223.1654527284847 399.12967968844305 0.0
224.02323439925104 399.6436938957343 0.0
224.88101607001738 400.1577081030256 0.0
225.73879774078375 400.6717223103169 0.0
226.5965794115501 401.1857365176082 0.0
227.45436108231644 401.69975072489945 0.0
228.31214275308278 402.21376493219077 0.0
229.16992442384912 402.72777913948204 0.0
230.0277060946155 403.2417933467733 0.0
230.88548776538184 403.75580755406463 0.0
231.74326943614818 404.2698217613559 0.0
232.60105110691455 404.78383596864717 0.0
233.4588327776809 405.2978501759385 0.0
234.31661444844724 405.81186438322976 0.0
235.17439611921358 406.32587859052103 0.0
236.03217778997993 406.83989279781235 0.0
236.8899594607463 407.3539070051036 0.0
237.74774113151264 407.8679212123949 0.0
238.60552280227898 408.3819354196862 0.0
239.46330447304535 408.8959496269775 0.0
240.3210861438117 409.40996383426875 0.0
241.17886781457804 409.9239780415601 0.0
242.03664948534438 410.43799224885134 0.0
242.89443115611073 410.9520064561426 0.0
243.7522128268771 411.46602066343394 0.0
244.60999449764344 411.9800348707252 0.0
245.46777616840978 412.4940490780165 0.0
246.32555783917616 413.0080632853078 0.0
247.1833395099425 413.522077492599 0.0
248.04112118070884 414.03609169989033 0.0
248.89890285147519 414.55010590718166 0.0
249.75668452224153 415.06412011447287 0.0
250.6144661930079 415.5781343217642 0.0
251.47224786377424 416.09214852905546 0.0
252.33002953454059 416.60616273634673 0.0
253.18781120530696 417.12017694363806 0.0
254.0455928760733 417.6341911509293 0.0
254.90337454683964 418.1482053582206 0.0
255.761156217606 418.6622195655119 0.0
256.61893788837233 419.1762337728032 0.0
257.4767195591387 419.69024798009445 0.0
258.3345012299051 420.2042621873858 0.0
259.1922829006714 420.71827639467705 0.0
260.05006457143776 421.2322906019683 0.0
260.9078462422041 421.74630480925964 0.0
261.76562791297044 422.2603190165509 0.0
262.6234095837368 422.7743332238422 0.0
263.4340688739482 422.18881506426555 0.0
264.2447281641596 421.603296904689 0.0
265.055387454371 421.01777874511237 0.0
265.8660467445824 420.4322605855358 0.0
266.67670603479377 419.8467424259592 0.0
267.48736532500516 419.2612242663826 0.0
268.29802461521655 418.675706106806 0.0
269.10868390542794 418.0901879472294 0.0
269.9193431956393 417.5046697876528 0.0
270.7300024858507 416.9191516280762 0.0
271.5406617760621 416.3336334684996 0.0
272.3513210662735 415.748115308923 0.0
273.1619803564849 415.1625971493464 0.0
273.9726396466963 414.5770789897698 0.0
274.78329893690767 413.99156083019324 0.0
275.59395822711906 413.4060426706166 0.0
276.40461751733045 412.82052451104005 0.0
277.21527680754184 412.2350063514634 0.0
278.02593609775323 411.6494881918868 0.0
278.8365953879646 411.06397003231024 0.0
279.647254678176 410.4784518727336 0.0
280.4579139683874 409.89293371315705 0.0
281.2685732585988 409.3074155535804 0.0
282.0792325488102 408.72189739400386 0.0
282.8898918390216 408.13637923442724 0.0
283.70055112923296 407.5508610748506 0.0
284.51121041944435 406.96534291527405 0.0
285.32186970965574 406.3798247556974 0.0
286.13252899986713 405.79430659612086 0.0
286.9431882900785 405.20878843654424 0.0
287.7538475802899 404.6232702769677 0.0
288.5645068705013 404.03775211739105 0.0
289.3751661607127 403.4522339578145 0.0
290.1858254509241 402.86671579823786 0.0
290.9964847411355 402.28119763866124 0.0
291.80714403134687 401.6956794790847 0.0
292.61780332155826 401.11016131950805 0.0
293.42846261176965 400.5246431599315 0.0
294.23912190198104 399.93912500035486 0.0
295.0497811921924 399.3536068407783 0.0
295.8604404824038 398.7680886812017 0.0
296.6710997726152 398.1825705216251 0.0
297.4817590628266 397.5970523620485 0.0
298.292418353038 397.01153420247186 0.0
299.1030776432493 396.4260160428953 0.0
299.91373693346077 395.8404978833187 0.0
300.7243962236721 395.2549797237421 0.0
301.53505551388355 394.6694615641655 0.0
302.3457148040949 394.0839434045889 0.0
303.15637409430633 393.4984252450123 0.0
303.96703338451766 392.9129070854357 0.0
304.7776926747291 392.3273889258591 0.0
305.58835196494044 391.7418707662825 0.0
306.3990112551519 391.1563526067059 0.0
307.2096705453632 390.5708344471293 0.0
307.40963561388844 389.5910314203072 0.0
307.60960068241366 388.61122839348513 0.0
307.8095657509389 387.63142536666305 0.0
308.00953081946415 386.65162233984097 0.0
308.20949588798936 385.67181931301894 0.0
308.4094609565146 384.69201628619686 0.0
308.6094260250398 383.7122132593748 0.0
308.809391093565 382.7324102325527 0.0
309.0093561620902 381.7526072057306 0.0
309.20932123061544 380.77280417890853 0.0
309.40928629914066 379.79300115208645 0.0
309.60925136766593 378.81319812526436 0.0
309.80921643619115 377.8333950984423 0.0
310.00918150471637 376.85359207162026 0.0
310.2091465732416 375.8737890447982 0.0
310.4091116417668 374.8939860179761 0.0
310.609076710292 373.914182991154 0.0
310.80904177881723 372.9343799643319 0.0
311.0090068473425 371.95457693750984 0.0
311.2089719158677 370.97477391068776 0.0
311.40893698439294 369.9949708838657 0.0
311.60890205291815 369.0151678570436 0.0
311.80886712144337 368.03536483022157 0.0
312.0088321899686 367.0555618033995 0.0
312.2087972584938 366.0757587765774 0.0
312.408762327019 365.0959557497553 0.0
312.6087273955443 364.11615272293324 0.0
312.8086924640695 363.13634969611115 0.0
313.0086575325947 362.15654666928907 0.0
313.20862260111994 361.176743642467 0.0
313.40858766964516 360.1969406156449 0.0
313.6085527381704 359.2171375888229 0.0
313.8085178066956 358.2373345620008 0.0
314.00848287522086 357.2575315351787 0.0
314.2084479437461 356.27772850835663 0.0
314.4084130122713 355.29792548153455 0.0
314.6083780807965 354.31812245471247 0.0
314.80834314932173 353.3383194278904 0.0
315.00830821784695 352.3585164010683 0.0
315.20827328637216 351.3787133742462 0.0
315.4082383548974 350.3989103474242 0.0
315.60820342342265 349.4191073206021 0.0
315.80816849194787 348.43930429378 0.0
316.0081335604731 347.45950126695794 0.0
316.2080986289983 346.47969824013586 0.0
316.4080636975235 345.4998952133138 0.0
316.60802876604873 344.5200921864917 0.0
316.80799383457395 343.5402891596696 0.0
317.00795890309917 342.5604861328476 0.0
317.20792397162444 341.5806831060255 0.0
317.40788904014966 340.6008800792034 0.0
317.60785410867487 339.62107705238134 0.0
317.8078191772001 338.64127402555926 0.0
318.0077842457253 337.6614709987372 0.0
318.2077493142505 336.6816679719151 0.0
318.40771438277574 335.701864945093 0.0
318.607679451301 334.7220619182709 0.0
318.8076445198262 333.74225889144884 0.0
319.00760958835144 332.7624558646268 0.0
319.20757465687666 331.78265283780473 0.0
319.4075397254019 330.80284981098265 0.0
319.6075047939271 329.82304678416057 0.0
319.8074698624523 328.8432437573385 0.0
320.0074349309775 327.8634407305164 0.0
320.2073999995028 326.8836377036943 0.0
320.407365068028 325.90383467687224 0.0
320.60733013655323 324.9240316500502 0.0
320.80729520507845 323.9442286232281 0.0
321.7526073039741 323.6180614334596 1.0
322.6979194028698 323.2918942436911 1.0
323.6432315017654 322.9657270539226 1.0
324.58854360066107 322.6395598641541 1.0
325.53385569955674 322.31339267438557 1.0
326.4791677984524 321.98722548461706 1.0
327.4244798973481 321.66105829484854 1.0
328.3697919962437 321.3348911050801 1.0
329.31510409513936 321.0087239153116 1.0
330.26041619403503 320.68255672554307 1.0
331.2057282929307 320.35638953577455 1.0
332.1510403918263 320.03022234600604 1.0
333.096352490722 319.70405515623753 1.0
334.04166458961765 319.377887966469 1.0
334.9869766885133 319.0517207767005 1.0
335.932288787409 318.725553586932 1.0
336.8776008863046 318.3993863971635 1.0
337.8229129852003 318.07321920739497 1.0
338.76822508409595 317.74705201762646 1.0
339.7135371829916 317.42088482785795 1.0
340.6588492818873 317.09471763808943 1.0
341.6041613807829 316.768550448321 1.0
342.54947347967857 316.44238325855247 1.0
343.49478557857424 316.11621606878396 1.0
344.4400976774699 315.79004887901544 1.0
345.3854097763656 315.46388168924693 1.0
346.3307218752612 315.1377144994784 1.0
347.27603397415686 314.8115473097099 1.0
348.22134607305253 314.4853801199414 1.0
349.1666581719482 314.1592129301729 1.0
350.1119702708438 313.8330457404044 1.0
351.0572823697395 313.50687855063586 1.0
352.00259446863515 313.18071136086735 1.0
352.9479065675308 312.85454417109884 1.0
353.8932186664265 312.5283769813303 1.0
354.83853076532216 312.2022097915618 1.0
355.7838428642178 311.87604260179336 1.0
356.72915496311344 311.54987541202485 1.0
357.6744670620091 311.22370822225633 1.0
358.6197791609048 310.8975410324878 1.0
359.5650912598004 310.5713738427193 1.0
360.51040335869607 310.2452066529508 1.0
361.45571545759174 309.9190394631823 1.0
362.4010275564874 309.5928722734138 1.0
363.3463396553831 309.26670508364526 1.0
364.2916517542787 308.94053789387675 1.0
365.23696385317436 308.61437070410824 1.0
366.18227595207003 308.2882035143397 1.0
367.1275880509657 307.9620363245712 1.0
368.0729001498613 307.6358691348027 1.0
369.018212248757 307.30970194503425 1.0
369.96352434765265 306.98353475526574 1.0
370.9088364465483 306.6573675654972 1.0
371.854148545444 306.3312003757287 1.0
372.79946064433966 306.0050331859602 1.0
373.7447727432353 305.6788659961917 1.0
374.69008484213094 305.3526988064232 1.0
375.6353969410266 305.02653161665467 1.0
376.5807090399223 304.70036442688615 1.0
377.5260211388179 304.37419723711764 1.0
378.47133323771357 304.04803004734913 1.0
379.41664533660924 303.7218628575806 1.0
380.3619574355049 303.3956956678121 1.0
381.3072695344006 303.0695284780436 1.0
382.2525816332962 302.7433612882751 1.0
383.19789373219186 302.41719409850657 1.0
384.1432058310875 302.0910269087381 1.0
385.0885179299832 301.7648597189696 1.0
386.0338300288788 301.4386925292011 1.0
386.9791421277745 301.1125253394326 1.0
387.92445422667015 300.78635814966407 1.0
388.8697663255658 300.46019095989556 1.0
389.8150784244615 300.13402377012704 1.0
390.76039052335716 299.80785658035853 1.0
391.7057026222528 299.48168939059 1.0
392.65101472114844 299.1555222008215 1.0
393.5963268200441 298.829355011053 1.0
394.5416389189398 298.5031878212845 1.0
395.4869510178354 298.177020631516 1.0
396.4567718829383 298.42083919030716 1.0
397.42659274804123 298.66465774909835 1.0
398.39641361314415 298.90847630788954 1.0
399.3662344782471 299.15229486668073 1.0
400.33605534335004 299.3961134254719 1.0
401.30587620845296 299.6399319842631 1.0
402.2756970735559 299.8837505430543 1.0
403.2455179386588 300.1275691018455 1.0
404.2153388037617 300.3713876606367 1.0
405.1851596688647 300.6152062194278 1.0
406.1549805339676 300.859024778219 1.0
407.1248013990705 301.1028433370102 1.0
408.09462226417344 301.3466618958014 1.0
409.06444312927636 301.5904804545926 1.0
410.0342639943793 301.83429901338377 1.0
411.0040848594822 302.07811757217496 1.0
411.97390572458517 302.32193613096615 1.0
412.9437265896881 302.56575468975734 1.0
413.913547454791 302.80957324854853 1.0
414.8833683198939 303.0533918073397 1.0
415.85318918499684 303.2972103661309 1.0
416.82301005009975 303.5410289249221 1.0
417.79283091520267 303.7848474837133 1.0
418.76265178030565 304.0286660425045 1.0
419.73247264540856 304.2724846012957 1.0
420.7022935105115 304.51630316008686 1.0
421.6721143756144 304.76012171887805 1.0
422.6419352407173 305.00394027766924 1.0
423.61175610582023 305.2477588364604 1.0
424.5815769709232 305.49157739525157 1.0
425.5513978360261 305.73539595404276 1.0
426.52121870112904 305.97921451283395 1.0
427.49103956623196 306.22303307162514 1.0
428.4608604313349 306.46685163041633 1.0
429.4306812964378 306.7106701892075 1.0
430.40050216154077 306.9544887479987 1.0
431.3703230266437 307.1983073067899 1.0
432.3401438917466 307.4421258655811 1.0
433.3099647568495 307.6859444243723 1.0
434.27978562195244 307.92976298316347 1.0
435.24960648705536 308.17358154195466 1.0
436.2194273521583 308.41740010074585 1.0
437.18924821726125 308.66121865953704 1.0
438.15906908236417 308.90503721832823 1.0
439.1288899474671 309.1488557771194 1.0
440.09871081257 309.3926743359106 1.0
441.0685316776729 309.6364928947018 1.0
442.03835254277584 309.88031145349294 1.0
443.00817340787876 310.1241300122841 1.0
443.97799427298173 310.3679485710753 1.0
444.94781513808465 310.6117671298665 1.0
445.91763600318757 310.8555856886577 1.0
446.8874568682905 311.0994042474489 1.0
447.8572777333934 311.3432228062401 1.0
448.8270985984963 311.58704136503127 1.0
449.79691946359924 311.83085992382246 1.0
450.7667403287022 312.07467848261365 1.0
451.73656119380513 312.31849704140484 1.0
452.70638205890805 312.56231560019603 1.0
453.67620292401097 312.8061341589872 1.0
454.6460237891139 313.0499527177784 1.0
455.61584465421686 313.2937712765696 1.0
456.5856655193198 313.5375898353608 1.0
457.5554863844227 313.781408394152 1.0
458.5253072495256 314.02522695294317 1.0
459.4951281146285 314.26904551173436 1.0
460.46494897973145 314.5128640705255 1.0
461.43476984483436 314.7566826293167 1.0
462.40459070993734 315.0005011881079 1.0
463.37441157504026 315.24431974689907 1.0
464.3442324401432 315.48813830569026 1.0
465.3140533052461 315.73195686448145 1.0
466.283874170349 315.97577542327264 1.0
467.2536950354519 316.2195939820638 1.0
468.22351590055484 316.463412540855 1.0
469.1933367656578 316.7072310996462 1.0
470.16315763076074 316.9510496584374 1.0
471.13297849586365 317.1948682172286 1.0
472.10279936096657 317.4386867760198 1.0
473.0726202260695 317.68250533481097 1.0
474.0424410911724 317.92632389360216 1.0
475.0122619562753 318.17014245239335 1.0
475.9820828213783 318.41396101118454 1.0
476.9519036864812 318.65777956997573 1.0
477.92172455158413 318.90159812876686 1.0
478.89154541668705 319.14541668755805 1.0
479.86136628178997 319.38923524634924 1.0
480.83118714689294 319.63305380514043 1.0
481.8010080119958 319.8768723639316 1.0
482.7708288770988 320.1206909227228 1.0
483.7406497422017 320.364509481514 1.0
484.7104706073046 320.6083280403052 1.0
485.68029147240753 320.8521465990964 1.0
486.65011233751045 321.0959651578876 1.0
487.6199332026134 321.33978371667877 1.0
488.5897540677163 321.58360227546996 1.0
489.55957493281926 321.82742083426115 1.0
490.5293957979222 322.07123939305234 1.0
491.4992166630251 322.3150579518435 1.0
492.469037528128 322.5588765106347 1.0
493.43885839323093 322.8026950694259 1.0
494.4086792583339 323.0465136282171 1.0
495.3785001234368 323.2903321870083 1.0
496.34832098853974 323.5341507457995 1.0
497.31814185364266 323.7779693045906 1.0
498.2879627187456 324.0217878633818 1.0
499.2577835838485 324.265606422173 1.0
500.2276044489514 324.5094249809642 1.0
501.1974253140544 324.7532435397554 1.0
502.1672461791573 324.99706209854656 1.0
503.1370670442602 325.24088065733775 1.0
504.10688790936314 325.48469921612894 1.0
505.07670877446606 325.72851777492014 1.0
506.046529639569 325.9723363337113 1.0
507.0163505046719 326.2161548925025 1.0
507.98617136977487 326.4599734512937 1.0
508.9559922348778 326.7037920100849 1.0
509.9258130999807 326.9476105688761 1.0
510.8956339650836 327.1914291276673 1.0
511.86545483018654 327.43524768645847 1.0
512.8352756952895 327.67906624524966 1.0
513.8050965603924 327.92288480404085 1.0
514.7749174254953 328.166703362832 1.0
515.7447382905982 328.4105219216232 1.0
516.7145591557012 328.65434048041436 1.0
517.6843800208042 328.89815903920555 1.0
518.654200885907 329.14197759799674 1.0
519.62402175101 329.38579615678793 1.0
520.5938426161129 329.6296147155791 1.0
521.5636634812158 329.8734332743703 1.0
522.5334843463188 330.1172518331615 1.0
523.5033052114217 330.3610703919527 1.0
524.4731260765246 330.6048889507439 1.0
525.4429469416275 330.8487075095351 1.0
526.4127678067305 331.09252606832626 1.0
527.3825886718333 331.33634462711746 1.0
528.3524095369363 331.58016318590865 1.0
529.3222304020392 331.82398174469984 1.0
530.2920512671421 332.067800303491 1.0
531.2618721322451 332.3116188622822 1.0
532.231692997348 332.5554374210734 1.0
533.201513862451 332.7992559798646 1.0
534.1757141648003 333.02494109435463 0.0
535.1499144671496 333.2506262088447 0.0
536.1241147694991 333.47631132333476 0.0
537.0983150718484 333.70199643782485 0.0
538.0725153741978 333.9276815523149 0.0
539.0467156765471 334.15336666680497 0.0
540.0209159788966 334.379051781295 0.0
540.9951162812459 334.6047368957851 0.0
541.9693165835953 334.83042201027513 0.0
542.9435168859446 335.0561071247652 0.0
543.9177171882941 335.28179223925525 0.0
544.8919174906434 335.50747735374534 0.0
545.8661177929928 335.7331624682354 0.0
546.8403180953421 335.95884758272547 0.0
547.8145183976916 336.1845326972155 0.0
548.7887187000409 336.4102178117056 0.0
549.7629190023903 336.6359029261956 0.0
550.7371193047396 336.8615880406857 0.0
551.7113196070891 337.08727315517575 0.0
552.6855199094384 337.31295826966584 0.0
553.6597202117878 337.5386433841559 0.0
554.6339205141371 337.7643284986459 0.0
555.6081208164865 337.990013613136 0.0
556.5823211188359 338.21569872762603 0.0
557.5565214211853 338.4413838421161 0.0
558.5307217235346 338.66706895660616 0.0
559.504922025884 338.89275407109625 0.0
560.4791223282334 339.1184391855863 0.0
561.4533226305828 339.3441243000764 0.0
562.4275229329321 339.5698094145664 0.0
563.4017232352815 339.7954945290565 0.0
564.3759235376309 340.02117964354653 0.0
565.3501238399803 340.2468647580366 0.0
566.3243241423296 340.47254987252666 0.0
567.298524444679 340.69823498701675 0.0
568.2727247470284 340.9239201015068 0.0
569.2469250493778 341.14960521599687 0.0
570.2211253517271 341.3752903304869 0.0
571.1953256540764 341.600975444977 0.0
572.1695259564258 341.82666055946703 0.0
573.1437262587752 342.0523456739571 0.0
574.1179265611246 342.27803078844715 0.0
575.0921268634739 342.5037159029372 0.0
576.0663271658233 342.7294010174273 0.0
577.0405274681727 342.9550861319173 0.0
578.0147277705221 343.1807712464074 0.0
578.9889280728714 343.40645636089744 0.0
579.9631283752208 343.6321414753875 0.0
580.9373286775702 343.85782658987756 0.0
581.9115289799196 344.08351170436765 0.0
582.8857292822689 344.3091968188577 0.0
583.8599295846183 344.5348819333478 0.0
584.8341298869677 344.7605670478378 0.0
585.8083301893171 344.9862521623279 0.0
586.7825304916664 345.21193727681793 0.0
587.7567307940158 345.437622391308 0.0
588.7309310963651 345.66330750579806 0.0
589.7051313987146 345.88899262028815 0.0
590.6793317010639 346.1146777347782 0.0
591.6535320034133 346.3403628492683 0.0
592.6277323057626 346.5660479637583 0.0
593.6019326081121 346.7917330782484 0.0
594.5761329104614 347.01741819273843 0.0
595.5503332128108 347.2431033072285 0.0
596.5245335151601 347.46878842171856 0.0
597.4987338175096 347.69447353620865 0.0
598.4729341198589 347.9201586506987 0.0
599.4471344222083 348.1458437651887 0.0
600.4213347245576 348.3715288796788 0.0
601.395535026907 348.59721399416884 0.0
602.3697353292564 348.82289910865893 0.0
603.3439356316057 349.04858422314896 0.0
604.3181359339551 349.27426933763905 0.0
605.2923362363044 349.4999544521291 0.0
606.2665365386539 349.7256395666192 0.0
607.2407368410032 349.9513246811092 0.0
608.2149371433526 350.1770097955993 0.0
609.1891374457019 350.40269491008934 0.0
610.1633377480514 350.6283800245794 0.0
611.1375380504007 350.85406513906946 0.0
612.1117383527501 351.07975025355955 0.0
613.0859386550994 351.3054353680496 0.0
614.0601389574489 351.5311204825397 0.0
615.0343392597982 351.7568055970297 0.0
616.0085395621476 351.9824907115198 0.0
616.9827398644969 352.20817582600984 0.0
617.9569401668464 352.4338609404999 0.0
618.9311404691957 352.65954605498996 0.0
619.9053407715451 352.88523116948 0.0
620.8795410738944 353.1109162839701 0.0
621.8537413762438 353.3366013984601 0.0
622.8279416785932 353.5622865129502 0.0
623.8021419809426 353.78797162744024 0.0
624.7763422832919 354.01365674193033 0.0
625.7505425856414 354.23934185642037 0.0
626.7247428879907 354.46502697091046 0.0
627.6989431903401 354.6907120854005 0.0
628.6731434926894 354.9163971998906 0.0
629.6473437950388 355.1420823143806 0.0
630.6215440973882 355.3677674288707 0.0
631.5957443997376 355.59345254336074 0.0
632.5699447020869 355.81913765785083 0.0
633.5441450044362 356.04482277234086 0.0
634.5183453067857 356.27050788683096 0.0
635.492545609135 356.496193001321 0.0
636.4667459114844 356.7218781158111 0.0
637.4409462138337 356.9475632303011 0.0
638.4151465161831 357.1732483447912 0.0
639.3893468185325 357.39893345928124 0.0
640.3635471208819 357.6246185737713 0.0
641.3377474232312 357.85030368826136 0.0
642.3119477255807 358.0759888027514 0.0
643.28614802793 358.3016739172415 0.0
644.2603483302794 358.5273590317315 0.0
645.2345486326287 358.7530441462216 0.0
646.2087489349781 358.97872926071165 0.0
647.1829492373275 359.20441437520174 0.0
648.1571495396769 359.43009948969177 0.0
649.1313498420262 359.65578460418186 0.0
650.1055501443756 359.8814697186719 0.0
651.079750446725 360.107154833162 0.0
652.0539507490744 360.332839947652 0.0
653.0281510514237 360.5585250621421 0.0
654.0023513537731 360.78421017663214 0.0
654.9765516561224 361.00989529112223 0.0
655.9507519584719 361.23558040561227 0.0
656.9249522608212 361.46126552010236 0.0
657.8991525631706 361.6869506345924 0.0
658.87335286552 361.9126357490825 0.0
659.8475531678694 362.1383208635725 0.0
660.8217534702187 362.36400597806255 0.0
661.795953772568 362.58969109255264 0.0
662.7701540749174 362.8153762070427 0.0
663.7443543772669 363.04106132153277 0.0
664.7185546796162 363.2667464360228 0.0
665.6927549819655 363.4924315505129 0.0
666.666955284315 363.7181166650029 0.0
667.6411555866644 363.943801779493 0.0
668.6153558890137 364.16948689398305 0.0
669.589556191363 364.39517200847314 0.0
670.5637564937124 364.6208571229632 0.0
671.5379567960617 364.84654223745326 0.0
672.5121570984112 365.0722273519433 0.0
673.4863574007605 365.2979124664334 0.0
674.4605577031099 365.5235975809234 0.0
675.4347580054593 365.7492826954135 0.0
676.4089583078087 365.97496780990355 0.0
677.383158610158 366.20065292439364 0.0
678.3573589125074 366.42633803888367 0.0
679.3315592148567 366.65202315337376 0.0
680.3057595172062 366.8777082678638 0.0
681.2799598195555 367.10339338235383 0.0
682.2541601219049 367.3290784968439 0.0
683.2283604242543 367.554763611334 0.0
684.2025607266037 367.78044872582404 0.0
685.176761028953 368.0061338403141 0.0
686.1509613313024 368.23181895480417 0.0
687.1251616336517 368.4575040692942 0.0
688.0993619360011 368.6831891837843 0.0
689.0735622383505 368.9088742982743 0.0
690.0477625406999 369.1345594127644 0.0
691.0219628430492 369.36024452725445 0.0
691.9961631453987 369.58592964174454 0.0
692.970363447748 369.8116147562346 0.0
693.9445637500974 370.03729987072467 0.0
694.9187640524467 370.2629849852147 0.0
695.892964354796 370.4886700997048 0.0
696.8671646571455 370.7143552141948 0.0
697.8413649594949 370.9400403286849 0.0
698.8155652618442 371.16572544317495 0.0
699.7897655641937 371.39141055766504 0.0
700.763965866543 371.6170956721551 0.0
701.7381661688923 371.8427807866451 0.0
702.7123664712417 372.0684659011352 0.0
703.686566773591 372.2941510156253 0.0
704.6607670759404 372.5198361301153 0.0
705.6349673782898 372.74552124460536 0.0
706.6091676806392 372.97120635909545 0.0
707.5833679829885 373.1968914735855 0.0
708.557568285338 373.4225765880756 0.0
709.5317685876873 373.6482617025656 0.0
710.5059688900367 373.8739468170557 0.0
711.480169192386 374.09963193154573 0.0
712.4543694947354 374.3253170460358 0.0
713.4285697970848 374.55100216052585 0.0
714.4027700994342 374.77668727501595 0.0
715.3769704017835 375.002372389506 0.0
716.351170704133 375.22805750399607 0.0
717.3253710064823 375.4537426184861 0.0
718.2995713088317 375.6794277329762 0.0
719.273771611181 375.9051128474662 0.0
720.2479719135304 376.1307979619563 0.0
721.2221722158797 376.35648307644635 0.0
722.1963725182292 376.5821681909364 0.0
723.1705728205785 376.8078533054265 0.0
723.9572889025328 376.190538307719 0.0
724.744004984487 375.5732233100116 0.0
725.5307210664413 374.95590831230413 0.0
726.3174371483956 374.3385933145967 0.0
727.1041532303498 373.72127831688925 0.0
727.8908693123041 373.10396331918184 0.0
728.6775853942584 372.4866483214744 0.0
729.4643014762127 371.86933332376697 0.0
730.2510175581668 371.2520183260595 0.0
731.0377336401211 370.6347033283521 0.0
731.8244497220754 370.0173883306446 0.0
732.6111658040296 369.4000733329372 0.0
733.3978818859839 368.78275833522974 0.0
734.1845979679382 368.16544333752233 0.0
734.9713140498924 367.54812833981487 0.0
735.7580301318467 366.93081334210746 0.0
736.544746213801 366.3134983444 0.0
737.3314622957553 365.6961833466926 0.0
738.1181783777095 365.0788683489851 0.0
738.9048944596638 364.4615533512777 0.0
739.691610541618 363.84423835357023 0.0
740.4783266235722 363.2269233558628 0.0
741.2650427055265 362.60960835815536 0.0
742.0517587874808 361.99229336044795 0.0
742.838474869435 361.3749783627405 0.0
743.6251909513893 360.75766336503307 0.0
744.4119070333436 360.1403483673256 0.0
745.1986231152979 359.5230333696182 0.0
745.9853391972521 358.9057183719107 0.0
746.7720552792064 358.2884033742033 0.0
747.5587713611607 357.67108837649585 0.0
748.3454874431148 357.05377337878843 0.0
749.1322035250691 356.43645838108097 0.0
749.9189196070234 355.81914338337356 0.0
750.7056356889776 355.2018283856661 0.0
751.4923517709319 354.5845133879587 0.0
752.2790678528862 353.9671983902512 0.0
753.0657839348405 353.3498833925438 0.0
753.8525000167947 352.73256839483633 0.0
754.639216098749 352.1152533971289 0.0
755.4259321807033 351.49793839942146 0.0
756.2126482626575 350.88062340171405 0.0
756.9993643446118 350.2633084040066 0.0
757.7860804265661 349.64599340629917 0.0
758.5727965085202 349.0286784085917 0.0
759.3595125904745 348.4113634108843 0.0
760.1462286724288 347.7940484131768 0.0
760.932944754383 347.1767334154694 0.0
761.7196608363373 346.55941841776195 0.0
762.5063769182916 345.94210342005454 0.0
763.2930930002459 345.32478842234707 0.0
764.0798090822001 344.70747342463966 0.0
764.8665251641544 344.0901584269322 0.0
765.6532412461087 343.4728434292248 0.0
766.4399573280629 342.8555284315173 0.0
767.2266734100172 342.2382134338099 0.0
768.0133894919715 341.62089843610244 0.0
768.8001055739257 341.003583438395 0.0
769.5868216558799 340.38626844068756 0.0
770.3735377378342 339.76895344298015 0.0
771.1602538197885 339.1516384452727 0.0
771.9469699017427 338.53432344756527 0.0
772.733685983697 337.9170084498578 0.0
773.5204020656513 337.2996934521504 0.0
774.3071181476055 336.6823784544429 0.0
775.0938342295598 336.0650634567355 0.0
775.8805503115141 335.44774845902805 0.0
776.6672663934683 334.83043346132064 0.0
777.4539824754225 334.21311846361317 0.0
778.2406985573768 333.59580346590576 0.0
778.2554049603851 332.59591161089816 0.0
778.2701113633934 331.59601975589055 0.0
778.2848177664017 330.59612790088295 0.0
778.29952416941 329.59623604587534 0.0
778.3142305724183 328.59634419086774 0.0
778.3289369754266 327.5964523358601 0.0
778.3436433784349 326.5965604808525 0.0
778.3583497814432 325.59666862584487 0.0
778.3730561844515 324.59677677083727 0.0
778.3877625874597 323.59688491582966 0.0
778.402468990468 322.59699306082206 0.0
778.4171753934763 321.59710120581445 0.0
778.4318817964846 320.59720935080685 0.0
778.4465881994929 319.59731749579925 0.0
778.4612946025012 318.59742564079164 0.0
778.4760010055095 317.59753378578404 0.0
778.4907074085178 316.5976419307764 0.0
778.5054138115261 315.5977500757688 0.0
778.5201202145344 314.59785822076117 0.0
778.5348266175426 313.59796636575356 0.0
778.5495330205509 312.59807451074596 0.0
778.5642394235592 311.59818265573836 0.0
778.5789458265675 310.59829080073075 0.0
778.5936522295758 309.59839894572315 0.0
778.6083586325841 308.59850709071554 0.0
778.6230650355924 307.59861523570794 0.0
778.6377714386007 306.59872338070033 0.0
778.652477841609 305.59883152569273 0.0
778.6671842446173 304.59893967068507 0.0
778.6818906476256 303.59904781567747 0.0
778.6965970506338 302.59915596066986 0.0
778.7113034536421 301.59926410566226 0.0
778.7260098566504 300.59937225065465 0.0
778.7407162596587 299.59948039564705 0.0
778.755422662667 298.59958854063945 0.0
778.7701290656753 297.59969668563184 0.0
778.7848354686836 296.59980483062424 0.0
778.7995418716919 295.59991297561663 0.0
778.8142482747002 294.600021120609 0.0
778.8289546777085 293.60012926560137 0.0
778.8436610807167 292.60023741059376 0.0
778.858367483725 291.60034555558616 0.0
778.8730738867333 290.60045370057856 0.0
778.8877802897416 289.60056184557095 0.0
778.9024866927499 288.60066999056335 0.0
778.9171930957582 287.60077813555574 0.0
778.9318994987665 286.60088628054814 0.0
778.9466059017748 285.60099442554053 0.0
778.9613123047831 284.60110257053293 0.0
778.9760187077914 283.6012107155253 0.0
778.9907251107996 282.60131886051767 0.0
779.0054315138079 281.60142700551006 0.0
779.0201379168162 280.60153515050246 0.0
779.0348443198245 279.60164329549485 0.0
779.0495507228328 278.60175144048725 0.0
779.0642571258411 277.60185958547964 0.0
779.0789635288494 276.60196773047204 0.0
779.0936699318577 275.60207587546444 0.0
779.108376334866 274.60218402045683 0.0
779.1230827378743 273.6022921654492 0.0
779.1377891408825 272.60240031044157 0.0
779.1524955438908 271.60250845543396 0.0
779.1672019468991 270.60261660042636 0.0
779.1819083499074 269.60272474541875 0.0
779.1966147529157 268.60283289041115 0.0
779.211321155924 267.60294103540355 0.0
779.2260275589323 266.60304918039594 0.0
779.2407339619406 265.60315732538834 0.0
779.2554403649489 264.60326547038073 0.0
779.2701467679572 263.60337361537313 0.0
779.2848531709654 262.6034817603655 0.0
779.2995595739737 261.6035899053579 0.0
779.314265976982 260.6036980503503 0.0
779.3289723799903 259.60380619534266 0.0
779.3436787829986 258.60391434033505 0.0
779.3583851860069 257.60402248532745 0.0
779.3730915890152 256.60413063031984 0.0
779.3877979920235 255.60423877531224 0.0
779.4025043950318 254.60434692030464 0.0
779.4172107980401 253.60445506529703 0.0
779.4319172010482 252.60456321028943 0.0
779.4466236040565 251.60467135528182 0.0
779.4613300070648 250.6047795002742 0.0
779.4760364100731 249.6048876452666 0.0
779.4907428130814 248.60499579025895 0.0
779.5054492160897 247.60510393525135 0.0
779.520155619098 246.60521208024375 0.0
779.5348620221063 245.60532022523614 0.0
779.5495684251146 244.60542837022854 0.0
779.5642748281228 243.60553651522093 0.0
779.5789812311311 242.60564466021333 0.0
779.5936876341394 241.60575280520573 0.0
779.6083940371477 240.60586095019812 0.0
779.623100440156 239.6059690951905 0.0
779.6378068431643 238.60607724018288 0.0
779.6525132461726 237.60618538517528 0.0
779.6672196491809 236.60629353016765 0.0
779.6819260521892 235.60640167516004 0.0
779.6966324551975 234.60650982015244 0.0
779.7113388582057 233.60661796514484 0.0
779.726045261214 232.60672611013723 0.0
779.7407516642223 231.60683425512963 0.0
779.7554580672306 230.60694240012202 0.0
779.7701644702389 229.60705054511442 0.0
779.7848708732472 228.6071586901068 0.0
779.7995772762555 227.60726683509918 0.0
779.8142836792638 226.60737498009158 0.0
779.8289900822721 225.60748312508395 0.0
779.8436964852804 224.60759127007634 0.0
779.8584028882887 223.60769941506874 0.0
779.8731092912969 222.60780756006113 0.0
779.8878156943052 221.60791570505353 0.0
779.9025220973135 220.60802385004592 0.0
779.9172285003218 219.60813199503832 0.0
779.9319349033301 218.60824014003072 0.0
779.9466413063384 217.60834828502308 0.0
779.9613477093467 216.60845643001548 0.0
779.976054112355 215.60856457500788 0.0
779.9907605153633 214.60867272000024 0.0
780.0054669183716 213.60878086499264 0.0
780.0201733213798 212.60888900998503 0.0
780.0348797243881 211.60899715497743 0.0
780.0495861273964 210.60910529996983 0.0
780.0642925304047 209.60921344496222 0.0
780.078998933413 208.60932158995462 0.0
780.0937053364213 207.609429734947 0.0
780.1084117394296 206.60953787993938 0.0
780.1231181424379 205.60964602493178 0.0
780.1378245454462 204.60975416992417 0.0
780.1525309484545 203.60986231491657 0.0
780.1672373514627 202.60997045990894 0.0
780.181943754471 201.61007860490133 0.0
780.1966501574793 200.61018674989373 0.0
780.2113565604876 199.61029489488612 0.0
780.2260629634959 198.61040303987852 0.0
780.2407693665042 197.61051118487092 0.0
780.2554757695125 196.61061932986328 0.0
780.2701821725208 195.61072747485568 0.0
780.2848885755291 194.61083561984807 0.0
780.2995949785374 193.61094376484047 0.0
780.3143013815456 192.61105190983287 0.0
780.3290077845539 191.61116005482523 0.0
780.3437141875622 190.61126819981763 0.0
780.3584205905705 189.61137634481003 0.0
780.3731269935788 188.61148448980242 0.0
780.3878333965871 187.61159263479482 0.0
780.4025397995954 186.6117007797872 0.0
780.4172462026037 185.61180892477958 0.0
780.431952605612 184.61191706977198 0.0
780.4466590086203 183.61202521476437 0.0
780.4613654116285 182.61213335975677 0.0
780.4760718146368 181.61224150474916 0.0
780.4907782176451 180.61234964974156 0.0
780.5054846206534 179.61245779473393 0.0
780.5201910236617 178.61256593972632 0.0
780.53489742667 177.61267408471872 0.0
780.5496038296783 176.61278222971112 0.0
780.5643102326866 175.6128903747035 0.0
780.5790166356949 174.61299851969588 0.0
780.5937230387032 173.61310666468827 0.0
780.6084294417115 172.61321480968067 0.0
780.6231358447197 171.61332295467307 0.0
780.637842247728 170.61343109966546 0.0
780.6525486507363 169.61353924465786 0.0
780.6672550537446 168.61364738965023 0.0
780.6819614567529 167.61375553464262 0.0
780.6966678597612 166.61386367963502 0.0
780.7113742627695 165.6139718246274 0.0
780.7260806657778 164.6140799696198 0.0
780.7407870687861 163.61418811461218 0.0
780.7554934717944 162.61429625960457 0.0
780.7701998748026 161.61440440459697 0.0
780.7849062778109 160.61451254958936 0.0
780.7996126808192 159.61462069458176 0.0
780.8143190838275 158.61472883957416 0.0
780.8290254868358 157.61483698456652 0.0
780.8437318898441 156.61494512955892 0.0
780.8584382928524 155.61505327455131 0.0
780.8731446958607 154.6151614195437 0.0
780.887851098869 153.6152695645361 0.0
780.9025575018773 152.61537770952847 0.0
780.9172639048855 151.61548585452087 0.0
780.9319703078938 150.61559399951327 0.0
780.9466767109021 149.61570214450566 0.0
780.9613831139104 148.61581028949806 0.0
780.9760895169187 147.61591843449045 0.0
780.990795919927 146.61602657948282 0.0
781.0055023229353 145.61613472447522 0.0
781.0202087259436 144.6162428694676 0.0
781.0349151289519 143.61635101446 0.0
781.0496215319602 142.6164591594524 0.0
781.0643279349684 141.6165673044448 0.0
781.0790343379767 140.61667544943717 0.0
781.093740740985 139.61678359442956 0.0
781.1084471439933 138.61689173942196 0.0
781.1231535470016 137.61699988441435 0.0
781.1378599500099 136.61710802940675 0.0
781.1525663530182 135.61721617439912 0.0
781.1672727560265 134.6173243193915 0.0
781.1819791590348 133.6174324643839 0.0
781.1966855620431 132.6175406093763 0.0
781.2113919650513 131.6176487543687 0.0
781.2260983680596 130.6177568993611 0.0
781.2408047710679 129.61786504435347 0.0
781.2555111740762 128.61797318934586 0.0
781.2702175770845 127.61808133433826 0.0
781.2849239800928 126.61818947933065 0.0
781.2996303831011 125.61829762432305 0.0
781.3143367861094 124.61840576931542 0.0
781.3290431891177 123.61851391430781 0.0
781.343749592126 122.61862205930021 0.0
781.3584559951342 121.6187302042926 0.0
781.3731623981425 120.618838349285 0.0
781.3878688011508 119.6189464942774 0.0
781.4025752041591 118.61905463926976 0.0
781.4172816071674 117.61916278426216 0.0
781.4319880101757 116.61927092925455 0.0
781.446694413184 115.61937907424695 0.0
781.4614008161923 114.61948721923935 0.0
781.4761072192006 113.61959536423171 0.0
781.4908136222089 112.61970350922411 0.0
781.5055200252172 111.6198116542165 0.0
781.5202264282254 110.6199197992089 0.0
781.5349328312337 109.6200279442013 0.0
781.549639234242 108.6201360891937 0.0
781.5643456372503 107.62024423418606 0.0
781.5790520402586 106.62035237917846 0.0
781.5937584432669 105.62046052417085 0.0
781.6084648462752 104.62056866916325 0.0
781.6231712492835 103.62067681415564 0.0
781.6378776522918 102.62078495914801 0.0
781.6525840553 101.6208931041404 0.0
781.6672904583083 100.6210012491328 0.0
781.6819968613166 99.6211093941252 0.0
781.6967032643249 98.6212175391176 0.0
781.7114096673332 97.62132568410999 0.0
781.7261160703415 96.62143382910236 0.0
781.7408224733498 95.62154197409475 0.0
781.7555288763581 94.62165011908715 0.0
781.7702352793664 93.62175826407955 0.0
781.7849416823746 92.62186640907194 0.0
781.7996480853828 91.62197455406434 0.0
781.8143544883911 90.6220826990567 0.0
781.8290608913994 89.6221908440491 0.0
781.8437672944077 88.6222989890415 0.0
781.858473697416 87.62240713403389 0.0
781.8731801004243 86.62251527902629 0.0
781.8878865034326 85.62262342401866 0.0
781.9025929064409 84.62273156901105 0.0
781.9172993094492 83.62283971400345 0.0
781.9320057124575 82.62294785899584 0.0
781.9467121154657 81.62305600398824 0.0
781.961418518474 80.62316414898063 0.0
782.7903017226811 80.06374245313442 0.0
783.6191849268881 79.50432075728821 0.0
784.4480681310952 78.94489906144202 0.0
785.2769513353022 78.3854773655958 0.0
786.1058345395093 77.82605566974959 0.0
786.9347177437163 77.26663397390338 0.0
787.7636009479235 76.70721227805718 0.0
788.5924841521305 76.14779058221097 0.0
789.4213673563376 75.58836888636476 0.0
790.2502505605446 75.02894719051855 0.0
791.0791337647516 74.46952549467235 0.0
791.9080169689587 73.91010379882614 0.0
792.7369001731657 73.35068210297993 0.0
793.5657833773728 72.79126040713372 0.0
794.3946665815798 72.23183871128751 0.0
795.2235497857869 71.67241701544131 0.0
796.0524329899939 71.1129953195951 0.0
796.881316194201 70.55357362374889 0.0
797.710199398408 69.99415192790268 0.0
798.5390826026152 69.43473023205647 0.0
799.3679658068222 68.87530853621027 0.0
800.1968490110293 68.31588684036406 0.0
801.0257322152363 67.75646514451785 0.0
801.8546154194433 67.19704344867165 0.0
802.6834986236504 66.63762175282544 0.0
803.5123818278574 66.07820005697923 0.0
804.3412650320645 65.51877836113302 0.0
805.1701482362715 64.9593566652868 0.0
805.9990314404786 64.39993496944061 0.0
806.8279146446856 63.8405132735944 0.0
807.6567978488927 63.281091577748185 0.0
808.4856810530997 62.721669881901974 0.0
809.3145642573068 62.16224818605577 0.0
810.1434474615139 61.602826490209566 0.0
810.972330665721 61.043404794363354 0.0
811.801213869928 60.48398309851714 0.0
812.630097074135 59.92456140267094 0.0
813.4589802783421 59.36513970682473 0.0
814.4534207479346 59.47044000329495 0.0
815.447861217527 59.57574029976516 0.0
816.4423016871195 59.68104059623538 0.0
817.436742156712 59.786340892705596 0.0
818.4311826263045 59.89164118917581 0.0
819.4256230958969 59.996941485646026 0.0
820.4200635654894 60.102241782116245 0.0
821.4145040350818 60.207542078586464 0.0
822.4089445046743 60.312842375056675 0.0
823.4033849742667 60.418142671526894 0.0
824.3978254438592 60.52344296799711 0.0
825.3922659134516 60.628743264467325 0.0
826.3867063830442 60.73404356093754 0.0
827.3811468526367 60.83934385740776 0.0
828.3755873222291 60.944644153877974 0.0
829.3700277918216 61.04994445034819 0.0
830.364468261414 61.15524474681841 0.0
831.3589087310065 61.26054504328862 0.0
832.3533492005989 61.36584533975884 0.0
833.3477896701914 61.47114563622906 0.0
834.3422301397839 61.57644593269927 0.0
835.3366706093764 61.68174622916949 0.0
836.3311110789688 61.78704652563971 0.0
837.3255515485613 61.89234682210993 0.0
838.3199920181537 61.99764711858014 0.0
839.3144324877462 62.10294741505036 0.0
840.3088729573387 62.20824771152058 0.0
841.3033134269311 62.31354800799079 0.0
842.2977538965237 62.41884830446101 0.0
843.2921943661161 62.52414860093123 0.0
844.2866348357086 62.62944889740144 0.0
845.281075305301 62.73474919387166 0.0
846.2755157748935 62.840049490341876 0.0
847.2699562444859 62.94534978681209 0.0
848.2643967140784 63.05065008328231 0.0
849.2588371836708 63.155950379752525 0.0
850.2532776532634 63.261250676222744 0.0
851.2477181228558 63.366550972692956 0.0
852.2421585924483 63.471851269163174 0.0
853.2365990620408 63.57715156563339 0.0
854.2310395316332 63.682451862103605 0.0
855.2254800012257 63.787752158573824 0.0
856.2199204708181 63.89305245504404 0.0
857.2143609404106 63.998352751514254 0.0
858.208801410003 64.10365304798447 0.0
859.2032418795956 64.20895334445468 0.0
860.197682349188 64.3142536409249 0.0
861.1921228187805 64.41955393739512 0.0
862.1865632883729 64.52485423386534 0.0
863.1810037579654 64.63015453033556 0.0
864.1754442275578 64.73545482680578 0.0
865.1698846971503 64.84075512327598 0.0
866.1643251667429 64.9460554197462 0.0
867.1587656363353 65.05135571621642 0.0
868.1532061059278 65.15665601268664 0.0
869.1476465755202 65.26195630915686 0.0
870.1420870451127 65.36725660562708 0.0
871.1365275147051 65.4725569020973 0.0
872.1309679842976 65.5778571985675 0.0
873.12540845389 65.68315749503772 0.0
874.1198489234826 65.78845779150794 0.0
875.114289393075 65.89375808797816 0.0
876.1087298626675 65.99905838444838 0.0
877.1031703322599 66.1043586809186 0.0
878.0976108018524 66.2096589773888 0.0
879.0920512714449 66.31495927385902 0.0
880.0864917410373 66.42025957032924 0.0
881.0809322106298 66.52555986679945 0.0
882.0753726802222 66.63086016326967 0.0
883.0698131498148 66.73616045973989 0.0
884.0642536194072 66.8414607562101 0.0
885.0586940889997 66.94676105268032 0.0
886.0531345585921 67.05206134915053 0.0
887.0475750281846 67.15736164562075 0.0
888.042015497777 67.26266194209097 0.0
889.0364559673695 67.36796223856119 0.0
890.0308964369619 67.47326253503141 0.0
891.0253369065545 67.57856283150161 0.0
892.019777376147 67.68386312797183 0.0
893.0142178457394 67.78916342444205 0.0
894.0086583153319 67.89446372091227 0.0
895.0030987849243 67.99976401738249 0.0
895.9975392545168 68.10506431385271 0.0
896.9919797241092 68.21036461032293 0.0
897.9864201937017 68.31566490679313 0.0
898.9808606632942 68.42096520326335 0.0
899.9753011328867 68.52626549973357 0.0
900.9697416024791 68.63156579620379 0.0
901.9641820720716 68.736866092674 0.0
902.958622541664 68.84216638914421 0.0
903.9530630112565 68.94746668561443 0.0
904.947503480849 69.05276698208465 0.0
905.9419439504414 69.15806727855487 0.0
906.936384420034 69.26336757502509 0.0
907.9308248896264 69.3686678714953 0.0
908.9252653592189 69.47396816796552 0.0
909.9197058288113 69.57926846443573 0.0
910.9141462984038 69.68456876090595 0.0
911.9085867679962 69.78986905737617 0.0
912.9030272375887 69.89516935384638 0.0
913.8974677071811 70.0004696503166 0.0
914.8919081767737 70.10576994678682 0.0
915.8863486463661 70.21107024325704 0.0
916.8807891159586 70.31637053972725 0.0
917.8752295855511 70.42167083619746 0.0
918.8696700551435 70.52697113266768 0.0
919.864110524736 70.6322714291379 0.0
920.8585509943284 70.73757172560812 0.0
921.852991463921 70.84287202207834 0.0
922.8474319335133 70.94817231854854 0.0
923.8418724031059 71.05347261501876 0.0
924.8363128726983 71.15877291148898 0.0
925.8307533422908 71.2640732079592 0.0
926.8251938118832 71.36937350442942 0.0
927.8196342814757 71.47467380089964 0.0
928.8140747510681 71.57997409736984 0.0
929.8085152206606 71.68527439384006 0.0
930.8029556902532 71.79057469031028 0.0
931.7973961598456 71.8958749867805 0.0
932.7918366294381 72.00117528325072 0.0
933.7862770990305 72.10647557972094 0.0
934.780717568623 72.21177587619115 0.0
935.7751580382154 72.31707617266136 0.0
936.7695985078079 72.42237646913158 0.0
937.7640389774003 72.5276767656018 0.0
938.7584794469929 72.63297706207202 0.0
939.7529199165853 72.73827735854223 0.0
940.7473603861778 72.84357765501245 0.0
941.7418008557702 72.94887795148267 0.0
942.7362413253627 73.05417824795288 0.0
943.7306817949552 73.1594785444231 0.0
944.7251222645476 73.26477884089331 0.0
945.71956273414 73.37007913736353 0.0
946.7140032037325 73.47537943383375 0.0
947.7084436733251 73.58067973030396 0.0
948.7028841429175 73.68598002677417 0.0
949.69732461251 73.7912803232444 0.0
950.6917650821024 73.89658061971461 0.0
951.6862055516949 74.00188091618483 0.0
952.6806460212873 74.10718121265505 0.0
953.6750864908798 74.21248150912527 0.0
954.6695269604722 74.31778180559547 0.0
955.6639674300648 74.42308210206569 0.0
956.6584078996573 74.52838239853591 0.0
957.6528483692497 74.63368269500613 0.0
958.6472888388421 74.73898299147635 0.0
959.6417293084346 74.84428328794657 0.0
960.6361697780271 74.94958358441679 0.0
961.6306102476195 75.05488388088699 0.0
962.625050717212 75.16018417735721 0.0
963.6194911868045 75.26548447382743 0.0
964.613931656397 75.37078477029765 0.0
965.6083721259894 75.47608506676787 0.0
966.6028125955819 75.58138536323807 0.0
967.5972530651743 75.6866856597083 0.0
968.5916935347668 75.79198595617851 0.0
969.5861340043593 75.89728625264873 0.0
970.5805744739517 76.00258654911894 0.0
971.5750149435441 76.10788684558916 0.0
972.5694554131367 76.21318714205938 0.0
973.5638958827292 76.31848743852959 0.0
974.5583363523216 76.4237877349998 0.0
975.5527768219141 76.52908803147002 0.0
976.5472172915065 76.63438832794024 0.0
977.541657761099 76.73968862441046 0.0
978.5360982306914 76.84498892088068 0.0
979.530538700284 76.9502892173509 0.0
979.6614217512612 77.94168703203827 0.0
979.7923048022384 78.93308484672565 0.0
979.9231878532156 79.92448266141302 0.0
980.0540709041928 80.9158804761004 0.0
980.1849539551699 81.90727829078776 0.0
980.3158370061471 82.89867610547513 0.0
980.4467200571244 83.89007392016251 0.0
980.5776031081016 84.88147173484988 0.0
980.7084861590788 85.87286954953726 0.0
980.839369210056 86.86426736422463 0.0
980.9702522610332 87.855665178912 0.0
981.1011353120105 88.84706299359938 0.0
981.2320183629876 89.83846080828675 0.0
981.3629014139648 90.82985862297411 0.0
981.493784464942 91.82125643766149 0.0
981.6246675159192 92.81265425234886 0.0
981.7555505668964 93.80405206703624 0.0
981.8864336178736 94.79544988172361 0.0
982.0173166688509 95.78684769641099 0.0
982.1481997198281 96.77824551109836 0.0
982.2790827708053 97.76964332578572 0.0
982.4099658217824 98.76104114047311 0.0
982.5408488727596 99.75243895516047 0.0
982.6717319237368 100.74383676984785 0.0
982.8026149747141 101.73523458453522 0.0
982.9334980256913 102.7266323992226 0.0
983.0643810766685 103.71803021390997 0.0
983.1952641276457 104.70942802859734 0.0
983.3261471786229 105.70082584328472 0.0
983.4570302296002 106.69222365797208 0.0
983.5879132805773 107.68362147265945 0.0
983.7187963315545 108.67501928734683 0.0
983.8496793825317 109.6664171020342 0.0
983.9805624335089 110.65781491672158 0.0
984.1114454844861 111.64921273140895 0.0
984.2423285354633 112.64061054609633 0.0
984.3732115864406 113.63200836078369 0.0
984.5040946374178 114.62340617547108 0.0
984.6349776883949 115.61480399015844 0.0
984.7658607393721 116.60620180484582 0.0
984.8967437903493 117.59759961953318 0.0
985.0276268413265 118.58899743422056 0.0
985.1585098923038 119.58039524890793 0.0
985.289392943281 120.57179306359531 0.0
985.4202759942582 121.56319087828268 0.0
985.5511590452354 122.55458869297004 0.0
985.6820420962126 123.54598650765743 0.0
985.8129251471897 124.53738432234479 0.0
985.943808198167 125.52878213703218 0.0
986.0746912491442 126.52017995171954 0.0
986.2055743001214 127.51157776640692 0.0
986.3364573510986 128.5029755810943 0.0
986.4673404020758 129.49437339578168 0.0
986.598223453053 130.48577121046904 0.0
986.7291065040303 131.4771690251564 0.0
986.8599895550074 132.4685668398438 0.0
986.9908726059846 133.45996465453115 0.0
987.1217556569618 134.4513624692185 0.0
987.252638707939 135.4427602839059 0.0
987.3835217589162 136.4341580985933 0.0
987.5144048098934 137.42555591328065 0.0
987.6452878608707 138.416953727968 0.0
987.7761709118479 139.4083515426554 0.0
987.9070539628251 140.39974935734276 0.0
988.0379370138022 141.39114717203012 0.0
988.1688200647794 142.3825449867175 0.0
988.2997031157566 143.3739428014049 0.0
988.4305861667339 144.36534061609225 0.0
988.5614692177111 145.35673843077961 0.0
988.6923522686883 146.348136245467 0.0
988.8232353196655 147.3395340601544 0.0
988.9541183706427 148.33093187484175 0.0
989.0850014216198 149.3223296895291 0.0
989.215884472597 150.3137275042165 0.0
989.3467675235743 151.30512531890386 0.0
989.4776505745515 152.29652313359122 0.0
989.6085336255287 153.2879209482786 0.0
989.7394166765059 154.279318762966 0.0
989.8702997274831 155.27071657765336 0.0
990.0011827784604 156.26211439234072 0.0
990.1320658294376 157.2535122070281 0.0
990.2629488804147 158.24491002171547 0.0
990.3938319313919 159.23630783640283 0.0
990.5247149823691 160.22770565109022 0.0
990.6555980333463 161.2191034657776 0.0
990.7864810843236 162.21050128046497 0.0
990.9173641353008 163.20189909515233 0.0
991.048247186278 164.19329690983972 0.0
991.1791302372552 165.1846947245271 0.0
991.3100132882323 166.17609253921444 0.0
991.4408963392095 167.16749035390183 0.0
991.5717793901867 168.15888816858921 0.0
991.702662441164 169.15028598327658 0.0
991.8335454921412 170.14168379796394 0.0
991.9644285431184 171.13308161265132 0.0
992.0953115940956 172.1244794273387 0.0
992.2261946450728 173.11587724202607 0.0
992.35707769605 174.10727505671343 0.0
992.4879607470272 175.09867287140082 0.0
992.6188437980044 176.09007068608818 0.0
992.7497268489816 177.08146850077554 0.0
992.8806098999588 178.07286631546293 0.0
993.011492950936 179.06426413015032 0.0
993.1423760019132 180.05566194483768 0.0
993.2732590528905 181.04705975952504 0.0
993.4041421038677 182.03845757421243 0.0
993.5350251548449 183.0298553888998 0.0
993.665908205822 184.02125320358715 0.0
993.7967912567992 185.01265101827454 0.0
993.9276743077764 186.00404883296193 0.0
994.0585573587537 186.9954466476493 0.0
994.1894404097309 187.98684446233665 0.0
994.3203234607081 188.97824227702404 0.0
994.4512065116853 189.96964009171143 0.0
994.5820895626625 190.9610379063988 0.0
994.7129726136396 191.95243572108615 0.0
994.8438556646169 192.94383353577354 0.0
994.9747387155941 193.9352313504609 0.0
995.1056217665713 194.92662916514826 0.0
995.2365048175485 195.91802697983564 0.0
995.3673878685257 196.90942479452303 0.0
995.4982709195029 197.9008226092104 0.0
995.6291539704802 198.89222042389775 0.0
995.7600370214574 199.88361823858514 0.0
995.8909200724345 200.8750160532725 0.0
996.0218031234117 201.86641386795986 0.0
996.1526861743889 202.85781168264725 0.0
996.2835692253661 203.84920949733464 0.0
996.4144522763434 204.840607312022 0.0
996.5453353273206 205.83200512670936 0.0
996.6762183782978 206.82340294139675 0.0
996.807101429275 207.8148007560841 0.0
996.9379844802521 208.8061985707715 0.0
997.0688675312293 209.79759638545886 0.0
997.1997505822065 210.78899420014625 0.0
997.3306336331838 211.7803920148336 0.0
997.461516684161 212.77178982952097 0.0
997.5923997351382 213.76318764420836 0.0
997.7232827861154 214.75458545889572 0.0
997.8541658370926 215.7459832735831 0.0
997.9850488880699 216.73738108827047 0.0
998.115931939047 217.72877890295786 0.0
998.2468149900242 218.72017671764522 0.0
998.3776980410014 219.7115745323326 0.0
998.5085810919786 220.70297234701997 0.0
998.6394641429558 221.69437016170733 0.0
998.770347193933 222.68576797639471 0.0
998.9012302449103 223.67716579108207 0.0
999.0321132958875 224.66856360576946 0.0
999.1629963468647 225.65996142045682 0.0
999.2938793978418 226.6513592351442 0.0
999.424762448819 227.64275704983157 0.0
999.5556454997962 228.63415486451896 0.0
999.6865285507735 229.62555267920632 0.0
999.8174116017507 230.61695049389368 0.0
999.9482946527279 231.60834830858107 0.0
1000.9447094491321 231.52374598292369 0.0
1001.9411242455365 231.4391436572663 0.0
1002.9375390419407 231.35454133160894 0.0
1003.933953838345 231.26993900595156 0.0
1004.9303686347492 231.18533668029417 0.0
1005.9267834311535 231.10073435463678 0.0
1006.9231982275578 231.0161320289794 0.0
1007.919613023962 230.93152970332204 0.0
1008.9160278203664 230.84692737766466 0.0
1009.9124426167706 230.76232505200727 0.0
1010.9088574131748 230.67772272634988 0.0
1011.9052722095792 230.5931204006925 0.0
1012.9016870059834 230.50851807503514 0.0
1013.8981018023877 230.42391574937776 0.0
1014.8945165987919 230.33931342372037 0.0
1015.8909313951962 230.25471109806298 0.0
1016.8873461916005 230.1701087724056 0.0
1017.8837609880047 230.08550644674824 0.0
1018.8801757844091 230.00090412109085 0.0
1019.8765905808133 229.91630179543347 0.0
1020.8730053772175 229.83169946977608 0.0
1021.8694201736218 229.7470971441187 0.0
1022.8658349700261 229.66249481846134 0.0
1023.8622497664304 229.57789249280395 0.0
1024.8586645628347 229.49329016714657 0.0
1025.855079359239 229.40868784148918 0.0
1026.8514941556432 229.3240855158318 0.0
1027.8479089520474 229.23948319017444 0.0
1028.8443237484516 229.15488086451705 0.0
1029.840738544856 229.07027853885967 0.0
1030.8371533412603 228.98567621320228 0.0
1031.8335681376645 228.9010738875449 0.0
1032.8299829340688 228.8164715618875 0.0
1033.826397730473 228.73186923623015 0.0
1034.8228125268774 228.64726691057277 0.0
1035.8192273232817 228.56266458491538 0.0
1036.815642119686 228.478062259258 0.0
1037.8120569160901 228.3934599336006 0.0
1038.8084717124943 228.30885760794325 0.0
1039.8048865088988 228.22425528228587 0.0
1040.801301305303 228.13965295662848 0.0
1041.7977161017072 228.0550506309711 0.0
1042.7941308981115 227.9704483053137 0.0
1043.7905456945157 227.88584597965635 0.0
1044.7869604909201 227.80124365399897 0.0
1045.7833752873244 227.71664132834158 0.0
1046.7797900837286 227.6320390026842 0.0
1047.7762048801328 227.5474366770268 0.0
1048.772619676537 227.46283435136945 0.0
1049.7690344729415 227.37823202571207 0.0
1050.7654492693457 227.29362970005468 0.0
1051.76186406575 227.2090273743973 0.0
1052.7582788621542 227.1244250487399 0.0
1053.7546936585584 227.03982272308255 0.0
1054.7511084549628 226.95522039742517 0.0
1055.747523251367 226.87061807176778 0.0
1056.7439380477713 226.7860157461104 0.0
1057.7403528441755 226.701413420453 0.0
1058.7367676405797 226.61681109479565 0.0
1059.7331824369842 226.53220876913826 0.0
1060.7295972333884 226.44760644348088 0.0
1061.7260120297926 226.3630041178235 0.0
1062.7224268261969 226.2784017921661 0.0
1063.718841622601 226.19379946650875 0.0
1064.7152564190055 226.10919714085136 0.0
1065.7116712154098 226.02459481519398 0.0
1066.708086011814 225.9399924895366 0.0
1067.7045008082182 225.8553901638792 0.0
1068.7009156046224 225.77078783822185 0.0
1069.6973304010269 225.68618551256446 0.0
1070.693745197431 225.60158318690708 0.0
1071.6901599938353 225.5169808612497 0.0
1072.6865747902395 225.4323785355923 0.0
1073.6829895866438 225.34777620993495 0.0
1074.6794043830482 225.26317388427756 0.0
1075.6758191794524 225.17857155862018 0.0
1076.6722339758567 225.0939692329628 0.0
1077.668648772261 225.0093669073054 0.0
1078.6650635686651 224.92476458164805 0.0
1079.6614783650696 224.84016225599066 0.0
1080.6578931614738 224.75555993033328 0.0
1081.654307957878 224.6709576046759 0.0
1082.6507227542822 224.5863552790185 0.0
1083.6471375506865 224.50175295336112 0.0
1084.643552347091 224.41715062770376 0.0
1085.6399671434951 224.33254830204638 0.0
1086.6363819398994 224.247945976389 0.0
1087.6327967363036 224.1633436507316 0.0
1088.6292115327078 224.07874132507422 0.0
1089.6256263291123 223.99413899941686 0.0
1090.6220411255165 223.90953667375948 0.0
1091.6184559219207 223.8249343481021 0.0
1092.614870718325 223.7403320224447 0.0
1093.6112855147292 223.65572969678732 0.0
1094.6077003111336 223.57112737112996 0.0
1095.6041151075378 223.48652504547258 0.0
1096.600529903942 223.4019227198152 0.0
1097.5969447003463 223.3173203941578 0.0
1098.5933594967505 223.23271806850042 0.0
1099.589774293155 223.14811574284306 0.0
1100.5861890895592 223.06351341718567 0.0
1101.5826038859634 222.9789110915283 0.0
1102.5790186823676 222.8943087658709 0.0
1103.575433478772 222.80970644021352 0.0
1104.5718482751763 222.72510411455616 0.0
1105.5682630715805 222.64050178889877 0.0
1106.5646778679848 222.5558994632414 0.0
1107.561092664389 222.471297137584 0.0
1108.5575074607932 222.38669481192662 0.0
1109.5539222571977 222.30209248626926 0.0
1110.5503370536019 222.21749016061187 0.0
1111.546751850006 222.1328878349545 0.0
1112.5431666464103 222.0482855092971 0.0
1113.5395814428148 221.96368318363972 0.0
1114.535996239219 221.87908085798236 0.0
1115.5324110356232 221.79447853232497 0.0
1116.5288258320275 221.7098762066676 0.0
1117.5252406284317 221.6252738810102 0.0
1118.521655424836 221.54067155535282 0.0
1119.5180702212404 221.45606922969546 0.0
1120.5144850176446 221.37146690403807 0.0
1121.5108998140488 221.2868645783807 0.0
1122.507314610453 221.2022622527233 0.0
1123.5037294068575 221.11765992706592 0.0
1124.5001442032617 221.03305760140856 0.0
1125.496558999666 220.94845527575117 0.0
1126.4929737960701 220.8638529500938 0.0
1127.4893885924744 220.7792506244364 0.0
1128.4858033888786 220.69464829877901 0.0
1129.482218185283 220.61004597312166 0.0
1130.4786329816873 220.52544364746427 0.0
1131.4750477780915 220.4408413218069 0.0
1132.4714625744957 220.3562389961495 0.0
1133.4678773709002 220.27163667049211 0.0
1134.4642921673044 220.18703434483473 0.0
1135.4607069637086 220.10243201917737 0.0
1136.4571217601128 220.01782969351999 0.0
1137.453536556517 219.9332273678626 0.0
1138.4499513529213 219.8486250422052 0.0
1139.4463661493257 219.76402271654786 0.0
1140.44278094573 219.67942039089047 0.0
1141.4391957421342 219.59481806523308 0.0
1142.4356105385384 219.5102157395757 0.0
1143.4320253349429 219.4256134139183 0.0
1144.428440131347 219.34101108826093 0.0
1145.4248549277513 219.25640876260357 0.0
1146.4212697241555 219.17180643694618 0.0
1147.4176845205598 219.0872041112888 0.0
1148.414099316964 219.0026017856314 0.0
1149.4105141133684 218.91799945997403 0.0
1150.4069289097727 218.83339713431667 0.0
1151.4033437061769 218.74879480865928 0.0
1152.399758502581 218.6641924830019 0.0
1153.3961732989856 218.5795901573445 0.0
1154.3925880953898 218.49498783168713 0.0
1155.389002891794 218.41038550602977 0.0
1156.3854176881982 218.32578318037238 0.0
1157.3818324846025 218.241180854715 0.0
1158.378247281007 218.1565785290576 0.0
1159.3746620774111 218.07197620340023 0.0
1160.3710768738154 217.98737387774287 0.0
1161.3674916702196 217.90277155208548 0.0
1162.3639064666238 217.8181692264281 0.0
1163.3603212630283 217.7335669007707 0.0
1164.3567360594325 217.64896457511333 0.0
1165.3531508558367 217.56436224945597 0.0
1166.349565652241 217.47975992379858 0.0
1167.3459804486452 217.3951575981412 0.0
1168.3423952450496 217.3105552724838 0.0
1169.3388100414538 217.22595294682642 0.0
1170.335224837858 217.14135062116907 0.0
1171.3316396342623 217.05674829551168 0.0
1172.0806215457787 216.39415785170712 0.0
1172.8296034572952 215.73156740790253 0.0
1173.5785853688117 215.06897696409797 0.0
1174.3275672803281 214.40638652029338 0.0
1175.0765491918446 213.74379607648882 0.0
1175.825531103361 213.08120563268423 0.0
1176.5745130148775 212.41861518887967 0.0
1177.323494926394 211.75602474507508 0.0
1178.0724768379105 211.09343430127052 0.0
1178.821458749427 210.43084385746593 0.0
1179.5704406609434 209.76825341366137 0.0
1180.3194225724599 209.10566296985678 0.0
1181.0684044839763 208.44307252605222 0.0
1181.8173863954928 207.78048208224763 0.0
1182.5663683070093 207.11789163844307 0.0
1183.3153502185257 206.45530119463848 0.0
1184.0643321300422 205.79271075083392 0.0
1184.8133140415587 205.13012030702933 0.0
1185.5622959530751 204.46752986322477 0.0
1186.3112778645916 203.80493941942018 0.0
1187.060259776108 203.14234897561562 0.0
1187.8092416876245 202.47975853181103 0.0
1188.558223599141 201.81716808800647 0.0
1189.3072055106575 201.15457764420188 0.0
1190.056187422174 200.49198720039732 0.0
1190.8051693336904 199.82939675659276 0.0
1191.5541512452069 199.16680631278817 0.0
1192.3031331567233 198.50421586898358 0.0
1193.0521150682398 197.84162542517902 0.0
1193.8010969797563 197.17903498137446 0.0
1194.5500788912727 196.51644453756987 0.0
1195.2990608027892 195.8538540937653 0.0
1196.0480427143057 195.19126364996072 0.0
1196.7970246258221 194.52867320615616 0.0
1197.5460065373386 193.86608276235157 0.0
1198.294988448855 193.203492318547 0.0
1199.0439703603715 192.54090187474242 0.0
1199.792952271888 191.87831143093786 0.0
1200.5419341834045 191.21572098713327 0.0
1201.290916094921 190.5531305433287 0.0
1202.0398980064374 189.89054009952412 0.0
1202.7888799179539 189.22794965571956 0.0
1203.5378618294703 188.56535921191497 0.0
1204.2868437409868 187.9027687681104 0.0
1205.0358256525033 187.24017832430582 0.0
1205.7848075640197 186.57758788050126 0.0
1206.5337894755362 185.91499743669667 0.0
1207.2827713870527 185.2524069928921 0.0
1208.0317532985691 184.58981654908752 0.0
1208.7807352100856 183.92722610528295 0.0
1209.529717121602 183.2646356614784 0.0
1210.2786990331185 182.6020452176738 0.0
1211.027680944635 181.93945477386922 0.0
1211.7766628561515 181.27686433006465 0.0
1212.525644767668 180.6142738862601 0.0
1213.2746266791842 179.9516834424555 0.0
1214.0236085907009 179.28909299865091 0.0
1214.772590502217 178.62650255484635 0.0
1215.5215724137336 177.9639121110418 0.0
1216.27055432525 177.3013216672372 0.0
1217.0195362367665 176.63873122343264 0.0
1217.768518148283 175.97614077962805 0.0
1218.5175000597994 175.3135503358235 0.0
1219.266481971316 174.6509598920189 0.0
1220.0154638828324 173.98836944821434 0.0
1220.7644457943488 173.32577900440975 0.0
1221.5134277058653 172.6631885606052 0.0
1222.2624096173818 172.0005981168006 0.0
1223.0113915288982 171.33800767299604 0.0
1223.7603734404147 170.67541722919145 0.0
1224.5093553519312 170.0128267853869 0.0
1225.2583372634476 169.35023634158233 0.0
1226.007319174964 168.68764589777774 0.0
1226.7563010864806 168.02505545397315 0.0
1227.505282997997 167.3624650101686 0.0
1228.2542649095135 166.69987456636403 0.0
1229.00324682103 166.03728412255944 0.0
1229.7522287325464 165.37469367875485 0.0
1230.501210644063 164.7121032349503 0.0
1231.2501925555794 164.04951279114573 0.0
1231.9991744670958 163.38692234734114 0.0
1232.7481563786123 162.72433190353655 0.0
1233.4971382901288 162.061741459732 0.0
1234.2461202016452 161.39915101592743 0.0
1234.9951021131617 160.73656057212284 0.0
1235.7440840246782 160.07397012831828 0.0
1236.4930659361946 159.4113796845137 0.0
1237.242047847711 158.74878924070913 0.0
1237.9910297592276 158.08619879690454 0.0
1238.740011670744 157.42360835309998 0.0
1239.4889935822605 156.7610179092954 0.0
1240.237975493777 156.09842746549083 0.0
1240.9869574052934 155.43583702168624 0.0
1241.73593931681 154.77324657788168 0.0
1242.4849212283264 154.1106561340771 0.0
1243.2339031398428 153.44806569027253 0.0
1243.9828850513593 152.78547524646797 0.0
1244.7318669628758 152.12288480266338 0.0
1245.4808488743922 151.4602943588588 0.0
1246.2298307859087 150.79770391505423 0.0
1246.9788126974252 150.13511347124967 0.0
1247.7277946089416 149.47252302744508 0.0
1248.476776520458 148.8099325836405 0.0
1249.2257584319746 148.14734213983593 0.0
1249.974740343491 147.48475169603137 0.0
1250.7237222550075 146.82216125222678 0.0
1251.472704166524 146.1595708084222 0.0
1252.2216860780404 145.49698036461763 0.0
1252.970667989557 144.83438992081307 0.0
1253.7196499010734 144.17179947700848 0.0
1254.4686318125898 143.5092090332039 0.0
1255.2176137241063 142.84661858939933 0.0
1255.9665956356228 142.18402814559477 0.0
1256.7155775471392 141.52143770179018 0.0
1257.4645594586557 140.8588472579856 0.0
1258.2135413701722 140.19625681418103 0.0
1258.9625232816886 139.53366637037647 0.0
1259.711505193205 138.8710759265719 0.0
1260.4604871047216 138.20848548276732 0.0
1261.209469016238 137.54589503896273 0.0
1261.9584509277545 136.88330459515817 0.0
1262.707432839271 136.2207141513536 0.0
1263.4564147507874 135.55812370754902 0.0
1264.2053966623039 134.89553326374443 0.0
1264.9543785738203 134.23294281993986 0.0
1265.7033604853368 133.5703523761353 0.0
1266.4523423968533 132.90776193233071 0.0
1267.2013243083697 132.24517148852613 0.0
1267.9503062198862 131.58258104472156 0.0
1268.6992881314027 130.919990600917 0.0
1269.4482700429191 130.25740015711241 0.0
1270.1972519544356 129.59480971330782 0.0
1270.946233865952 128.93221926950326 0.0
1271.6952157774685 128.2696288256987 0.0
