1 529
1 530
2 530
3 530
4 530
5 530
6 530
7 530
8 530
9 530
10 530
10 531
11 531
12 532
13 532
15 532
16 532
17 532
18 533
20 533
21 533
22 534
24 534
26 535
27 535
28 535
29 535
31 536
33 536
35 537
36 538
37 539
38 540
40 541
42 542
43 542
49 547
50 547
53 548
54 548
55 548
56 549
58 550
59 551
60 552
61 553
62 553
63 554
64 555
65 556
66 556
66 557
67 557
68 558
68 559
69 559
70 559
71 559
71 560
72 561
73 562
74 563
75 564
76 565
77 565
78 565
79 566
81 566
83 567
84 567
85 567
86 567
87 567
90 568
91 568
92 568
93 569
95 571
97 571
99 571
100 571
101 571
103 571
104 571
105 571
106 572
107 572
109 573
109 574
111 576
112 576
113 576
114 577
115 577
116 578
118 578
120 580
123 581
124 581
126 581
128 581
130 581
132 581
133 581
135 581
136 581
138 581
139 581
141 581
142 581
144 581
145 581
147 581
149 581
150 581
151 582
152 582
154 582
155 583
157 584
159 584
160 585
161 585
163 585
166 585
167 586
169 586
170 586
172 586
173 586
175 586
176 586
179 586
181 586
183 587
186 587
188 587
189 587
192 588
195 589
197 590
199 590
200 590
203 591
204 591
206 591
208 591
210 591
211 591
212 591
213 591
216 591
217 591
219 591
222 592
224 592
226 592
228 592
227 592
230 592
234 592
238 592
241 592
243 592
245 592
249 592
252 592
254 592
256 592
261 592
264 592
267 592
269 592
271 592
272 592
274 592
276 592
279 595
286 597
292 600
300 602
307 601
310 601
313 601
316 601
320 601
323 601
329 601
334 601
336 601
338 601
341 601
343 601
347 601
348 601
351 601
352 601
354 601
356 600
358 599
359 598
361 596
363 595
365 594
367 593
369 593
372 591
377 590
379 590
382 590
384 589
386 588
387 587
390 586
391 586
392 585
393 584
395 584
395 582
396 580
397 579
398 577
399 576
400 576
401 576
402 576
404 575
406 575
407 575
408 575
