1.0 505.0 0.0
1.9998834770445824 505.0152653965961 0.0
2.9997669540891647 505.0305307931922 0.0
3.9996504311337473 505.0457961897883 0.0
4.999533908178329 505.0610615863844 0.0
5.999417385222912 505.0763269829805 0.0
6.999300862267495 505.0915923795766 0.0
7.999184339312077 505.1068577761727 0.0
8.999067816356659 505.1221231727688 0.0
9.998951293401241 505.13738856936493 0.0
10.998834770445823 505.152653965961 0.0
11.998718247490405 505.1679193625571 0.0
12.99860172453499 505.1831847591532 0.0
13.998485201579571 505.1984501557493 0.0
14.998368678624153 505.21371555234543 0.0
15.998252155668736 505.2289809489415 0.0
16.998135632713318 505.2442463455376 0.0
17.9980191097579 505.2595117421337 0.0
18.997902586802482 505.2747771387298 0.0
19.997786063847066 505.29004253532594 0.0
20.997669540891646 505.305307931922 0.0
21.99755301793623 505.3205733285181 0.0
22.99743649498081 505.33583872511423 0.0
23.997319972025394 505.3511041217103 0.0
24.99720344906998 505.36636951830644 0.0
25.99708692611456 505.3816349149025 0.0
26.996970403159143 505.3969003114986 0.0
27.996853880203723 505.41216570809473 0.0
28.996737357248307 505.4274311046908 0.0
29.996620834292887 505.4426965012869 0.0
30.99650431133747 505.457961897883 0.0
31.99638778838205 505.4732272944791 0.0
32.996271265426635 505.48849269107524 0.0
33.99615474247122 505.5037580876713 0.0
34.9960382195158 505.5190234842674 0.0
35.99592169656038 505.5342888808635 0.0
36.995805173604964 505.5495542774596 0.0
37.99568865064955 505.56481967405574 0.0
38.99557212769413 505.5800850706518 0.0
39.99545560473871 505.5953504672479 0.0
40.99533908178329 505.61061586384403 0.0
41.99522255882788 505.6258812604401 0.0
42.99510603587246 505.64114665703624 0.0
43.994989512917044 505.6564120536323 0.0
44.99487298996162 505.6716774502284 0.0
45.994756467006205 505.68694284682454 0.0
46.99463994405079 505.7022082434206 0.0
47.99452342109537 505.71747364001675 0.0
48.99440689813996 505.7327390366128 0.0
49.994290375184534 505.7480044332089 0.0
50.99417385222912 505.76326982980504 0.0
51.9940573292737 505.7785352264011 0.0
52.993940806318285 505.79380062299725 0.0
53.99382428336286 505.80906601959333 0.0
54.993707760407446 505.8243314161894 0.0
55.99359123745203 505.83959681278554 0.0
56.993474714496614 505.8548622093816 0.0
57.9933581915412 505.87012760597776 0.0
58.993241668585775 505.88539300257384 0.0
59.99312514563036 505.9006583991699 0.0
60.99300862267494 505.91592379576605 0.0
61.992892099719526 505.9311891923621 0.0
62.9927755767641 505.94645458895826 0.0
63.99265905380869 505.96171998555434 0.0
64.99254253085327 505.9769853821504 0.0
65.99242600789785 505.99225077874655 0.0
66.99230948494244 506.00751617534263 0.0
67.99219296198702 506.02278157193876 0.0
68.9920764390316 506.03804696853484 0.0
69.99195991607618 506.0533123651309 0.0
70.99184339312076 506.06857776172706 0.0
71.99172687016535 506.08384315832313 0.0
72.99161034720993 506.0991085549192 0.0
73.99149382425452 506.11437395151535 0.0
74.9913773012991 506.1296393481114 0.0
75.99126077834367 506.14490474470756 0.0
76.99114425538826 506.16017014130364 0.0
77.99102773243284 506.1754355378997 0.0
78.99091120947742 506.19070093449585 0.0
79.99079468652201 506.20596633109193 0.0
80.99067816356659 506.22123172768806 0.0
81.99056164061118 506.23649712428414 0.0
82.99044511765575 506.2517625208802 0.0
83.99032859470033 506.26702791747636 0.0
84.99021207174492 506.28229331407243 0.0
85.9900955487895 506.29755871066857 0.0
86.98997902583409 506.31282410726465 0.0
87.98986250287867 506.3280895038607 0.0
88.98974597992324 506.34335490045686 0.0
89.98962945696783 506.35862029705294 0.0
90.98951293401241 506.3738856936491 0.0
91.989396411057 506.38915109024515 0.0
92.98927988810158 506.4044164868412 0.0
93.98916336514615 506.41968188343736 0.0
94.98904684219075 506.43494728003344 0.0
95.98893031923532 506.4502126766296 0.0
96.98881379627991 506.46547807322565 0.0
97.98869727332449 506.48074346982173 0.0
98.98858075036907 506.49600886641787 0.0
99.98846422741366 506.51127426301395 0.0
100.98834770445823 506.5265396596101 0.0
101.98823118150281 506.54180505620616 0.0
102.9881146585474 506.55707045280224 0.0
103.98799813559198 506.57233584939837 0.0
104.98788161263657 506.58760124599445 0.0
105.98776508968115 506.6028666425906 0.0
106.98764856672572 506.61813203918666 0.0
107.98753204377032 506.63339743578274 0.0
108.98741552081489 506.6486628323789 0.0
109.98729899785948 506.66392822897495 0.0
110.98718247490406 506.6791936255711 0.0
111.98706595194864 506.69445902216717 0.0
112.98694942899323 506.70972441876324 0.0
113.9868329060378 506.7249898153594 0.0
114.9867163830824 506.74025521195546 0.0
115.98659986012697 506.7555206085516 0.0
116.98648333717155 506.77078600514767 0.0
117.98636681421614 506.78605140174375 0.0
118.98625029126072 506.8013167983399 0.0
119.9861337683053 506.81658219493596 0.0
120.98601724534988 506.83184759153204 0.0
121.98590072239446 506.8471129881282 0.0
122.98578419943905 506.86237838472425 0.0
123.98566767648363 506.8776437813204 0.0
124.9855511535282 506.89290917791647 0.0
125.9854346305728 506.90817457451254 0.0
126.98531810761737 506.9234399711087 0.0
127.98520158466197 506.93870536770476 0.0
128.98508506170654 506.9539707643009 0.0
129.98496853875113 506.96923616089697 0.0
130.9848520157957 506.98450155749305 0.0
131.9847354928403 506.9997669540892 0.0
132.98461896988488 507.01503235068526 0.0
133.98450244692944 507.0302977472814 0.0
134.98438592397403 507.0455631438775 0.0
135.98426940101862 507.06082854047355 0.0
136.9841528780632 507.0760939370697 0.0
137.98403635510778 507.09135933366576 0.0
138.98391983215237 507.1066247302619 0.0
139.98380330919696 507.121890126858 0.0
140.98368678624152 507.13715552345406 0.0
141.9835702632861 507.1524209200502 0.0
142.9834537403307 507.16768631664627 0.0
143.98333721737527 507.1829517132424 0.0
144.98322069441986 507.1982171098385 0.0
145.98310417146445 507.21348250643456 0.0
146.98298764850904 507.2287479030307 0.0
147.9828711255536 507.2440132996268 0.0
148.9827546025982 507.2592786962229 0.0
149.98263807964278 507.274544092819 0.0
150.98252155668735 507.28980948941506 0.0
151.98240503373194 507.3050748860112 0.0
152.98228851077653 507.3203402826073 0.0
153.9821719878211 507.3356056792034 0.0
154.98205546486568 507.3508710757995 0.0
155.98193894191027 507.36613647239557 0.0
156.98182241895483 507.3814018689917 0.0
157.98170589599943 507.3966672655878 0.0
158.98158937304402 507.4119326621839 0.0
159.9814728500886 507.42719805878 0.0
160.98135632713317 507.44246345537607 0.0
161.98123980417776 507.4577288519722 0.0
162.98112328122235 507.4729942485683 0.0
163.98100675826691 507.4882596451644 0.0
164.9808902353115 507.5035250417605 0.0
165.9807737123561 507.5187904383566 0.0
166.98065718940066 507.5340558349527 0.0
167.98054066644525 507.5493212315488 0.0
168.98042414348984 507.56458662814487 0.0
169.98030762053443 507.579852024741 0.0
170.980191097579 507.5951174213371 0.0
171.9800745746236 507.6103828179332 0.0
172.97995805166818 507.6256482145293 0.0
173.97984152871274 507.64091361112537 0.0
174.97972500575733 507.6561790077215 0.0
175.97960848280192 507.6714444043176 0.0
176.97949195984648 507.6867098009137 0.0
177.97937543689108 507.7019751975098 0.0
178.97925891393567 507.7172405941059 0.0
179.97914239098023 507.732505990702 0.0
180.97902586802482 507.7477713872981 0.0
181.9789093450694 507.7630367838942 0.0
182.978792822114 507.7783021804903 0.0
183.97867629915856 507.7935675770864 0.0
184.97855977620316 507.8088329736825 0.0
185.97844325324775 507.8240983702786 0.0
186.9783267302923 507.8393637668747 0.0
187.9782102073369 507.8546291634708 0.0
188.9780936843815 507.8698945600669 0.0
189.97797716142605 507.885159956663 0.0
190.97786063847064 507.9004253532591 0.0
191.97774411551524 507.91569074985523 0.0
192.97762759255983 507.9309561464513 0.0
193.9775110696044 507.9462215430474 0.0
194.97739454664898 507.9614869396435 0.0
195.97727802369357 507.9767523362396 0.0
196.97716150073813 507.99201773283573 0.0
197.97704497778273 508.0072831294318 0.0
198.97692845482732 508.0225485260279 0.0
199.97681193187188 508.037813922624 0.0
200.97669540891647 508.0530793192201 0.0
201.97657888596106 508.06834471581624 0.0
202.97646236300562 508.0836101124123 0.0
203.97634584005021 508.0988755090084 0.0
204.9762293170948 508.11414090560453 0.0
205.9761127941394 508.1294063022006 0.0
206.97599627118396 508.14467169879674 0.0
207.97587974822855 508.1599370953928 0.0
208.97576322527314 508.1752024919889 0.0
209.9756467023177 508.19046788858503 0.0
210.9755301793623 508.2057332851811 0.0
211.9754136564069 508.22099868177725 0.0
212.97529713345145 508.2362640783733 0.0
213.97518061049604 508.2515294749694 0.0
214.97506408754063 508.26679487156554 0.0
215.9749475645852 508.2820602681616 0.0
216.97483104162978 508.2973256647577 0.0
217.97471451867438 508.3125910613538 0.0
218.97459799571897 508.3278564579499 0.0
219.97448147276353 508.34312185454604 0.0
220.97436494980812 508.3583872511421 0.0
221.9742484268527 508.3736526477382 0.0
222.97413190389727 508.38891804433433 0.0
223.97401538094186 508.4041834409304 0.0
224.97389885798646 508.41944883752655 0.0
225.97378233503102 508.4347142341226 0.0
226.9736658120756 508.4499796307187 0.0
227.9735492891202 508.46524502731484 0.0
228.9734327661648 508.4805104239109 0.0
229.97331624320935 508.49577582050705 0.0
230.97319972025394 508.5110412171031 0.0
231.97308319729854 508.5263066136992 0.0
232.9729666743431 508.54157201029534 0.0
233.9728501513877 508.5568374068914 0.0
234.97273362843228 508.57210280348755 0.0
235.97261710547684 508.58736820008363 0.0
236.97250058252143 508.6026335966797 0.0
237.97238405956602 508.61789899327584 0.0
238.9722675366106 508.6331643898719 0.0
239.97215101365518 508.64842978646806 0.0
240.97203449069977 508.66369518306414 0.0
241.97191796774436 508.6789605796602 0.0
242.97180144478892 508.69422597625635 0.0
243.9716849218335 508.7094913728524 0.0
244.9715683988781 508.72475676944856 0.0
245.97145187592267 508.74002216604464 0.0
246.97133535296726 508.7552875626407 0.0
247.97121883001185 508.77055295923685 0.0
248.9711023070564 508.78581835583293 0.0
249.970985784101 508.80108375242907 0.0
250.9708692611456 508.81634914902514 0.0
251.97075273819019 508.8316145456212 0.0
252.97063621523475 508.84687994221736 0.0
253.97051969227934 508.86214533881343 0.0
254.97040316932393 508.87741073540957 0.0
255.9702866463685 508.89267613200565 0.0
256.9701701234131 508.9079415286017 0.0
257.9700536004577 508.92320692519786 0.0
258.96993707750227 508.93847232179394 0.0
259.96982055454686 508.9537377183901 0.0
260.9697040315914 508.96900311498615 0.0
261.969587508636 508.98426851158223 0.0
262.9694709856806 508.99953390817836 0.0
263.96935446272516 509.01479930477444 0.0
264.96923793976976 509.0300647013705 0.0
265.96912141681435 509.04533009796666 0.0
266.9690048938589 509.06059549456273 0.0
267.96888837090347 509.07586089115887 0.0
268.96877184794806 509.09112628775495 0.0
269.96865532499265 509.106391684351 0.0
270.96853880203724 509.12165708094716 0.0
271.96842227908184 509.13692247754324 0.0
272.9683057561264 509.1521878741394 0.0
273.96818923317096 509.16745327073545 0.0
274.96807271021555 509.1827186673315 0.0
275.96795618726014 509.19798406392766 0.0
276.96783966430473 509.21324946052374 0.0
277.9677231413493 509.2285148571199 0.0
278.9676066183939 509.24378025371595 0.0
279.96749009543845 509.25904565031203 0.0
280.96737357248304 509.27431104690817 0.0
281.96725704952763 509.28957644350425 0.0
282.9671405265722 509.3048418401004 0.0
283.9670240036168 509.32010723669646 0.0
284.9669074806614 509.33537263329254 0.0
285.966790957706 509.35063802988867 0.0
286.96667443475053 509.36590342648475 0.0
287.9665579117951 509.3811688230809 0.0
288.9664413888397 509.39643421967696 0.0
289.9663248658843 509.41169961627304 0.0
290.9662083429289 509.4269650128692 0.0
291.9660918199735 509.44223040946525 0.0
292.9659752970181 509.4574958060614 0.0
293.9658587740626 509.47276120265747 0.0
294.9657422511072 509.48802659925354 0.0
295.9656257281518 509.5032919958497 0.0
296.9655092051964 509.51855739244576 0.0
297.965392682241 509.5338227890419 0.0
298.96527615928557 509.54908818563797 0.0
299.9651596363301 509.56435358223405 0.0
300.9650431133747 509.5796189788302 0.0
301.9649265904193 509.59488437542626 0.0
302.9648100674639 509.6101497720224 0.0
303.96469354450846 509.6254151686185 0.0
304.96457702155305 509.64068056521455 0.0
305.96446049859765 509.6559459618107 0.0
306.9643439756422 509.67121135840677 0.0
307.96422745268677 509.6864767550029 0.0
308.96411092973136 509.701742151599 0.0
309.96399440677595 509.71700754819506 0.0
310.96387788382054 509.7322729447912 0.0
311.96376136086513 509.74753834138727 0.0
312.96364483790967 509.7628037379834 0.0
313.96352831495426 509.7780691345795 0.0
314.96341179199885 509.79333453117556 0.0
315.96329526904344 509.8085999277717 0.0
316.96317874608803 509.8238653243678 0.0
317.9630622231326 509.83913072096385 0.0
318.9629457001772 509.85439611756 0.0
319.96282917722175 509.86966151415606 0.0
320.96271265426634 509.8849269107522 0.0
321.96259613131093 509.9001923073483 0.0
322.9624796083555 509.91545770394436 0.0
323.9623630854001 509.9307231005405 0.0
324.9622465624447 509.94598849713657 0.0
325.96213003948924 509.9612538937327 0.0
326.96201351653383 509.9765192903288 0.0
327.9618969935784 509.99178468692486 0.0
328.961780470623 510.007050083521 0.0
329.9616639476676 510.0223154801171 0.0
330.9615474247122 510.0375808767132 0.0
331.9614309017568 510.0528462733093 0.0
332.9613143788013 510.06811166990536 0.0
333.9611978558459 510.0833770665015 0.0
334.9610813328905 510.0986424630976 0.0
335.9609648099351 510.1139078596937 0.0
336.9608482869797 510.1291732562898 0.0
337.9607317640243 510.14443865288587 0.0
338.96061524106887 510.159704049482 0.0
339.9604987181134 510.1749694460781 0.0
340.960382195158 510.1902348426742 0.0
341.9602656722026 510.2055002392703 0.0
342.9601491492472 510.22076563586637 0.0
343.96003262629176 510.2360310324625 0.0
344.95991610333635 510.2512964290586 0.0
345.9597995803809 510.2665618256547 0.0
346.9596830574255 510.2818272222508 0.0
347.95956653447007 510.2970926188469 0.0
348.95945001151466 510.312358015443 0.0
349.95933348855925 510.3276234120391 0.0
350.95921696560384 510.3428888086352 0.0
351.95910044264843 510.3581542052313 0.0
352.95898391969297 510.3734196018274 0.0
353.95886739673756 510.3886849984235 0.0
354.95875087378215 510.4039503950196 0.0
355.95863435082674 510.4192157916157 0.0
356.95851782787133 510.4344811882118 0.0
357.9584013049159 510.4497465848079 0.0
358.95828478196046 510.465011981404 0.0
359.95816825900505 510.4802773780001 0.0
360.95805173604964 510.4955427745962 0.0
361.95793521309423 510.5108081711923 0.0
362.9578186901388 510.5260735677884 0.0
363.9577021671834 510.5413389643845 0.0
364.957585644228 510.5566043609806 0.0
365.95746912127254 510.5718697575767 0.0
366.95735259831713 510.5871351541728 0.0
367.9572360753617 510.6024005507689 0.0
368.9571195524063 510.617665947365 0.0
369.9570030294509 510.6329313439611 0.0
370.9568865064955 510.6481967405572 0.0
371.95676998354 510.6634621371533 0.0
372.9566534605846 510.6787275337494 0.0
373.9565369376292 510.69399293034553 0.0
374.9564204146738 510.7092583269416 0.0
375.9563038917184 510.7245237235377 0.0
376.956187368763 510.7397891201338 0.0
377.9560708458076 510.7550545167299 0.0
378.9559543228521 510.77031991332603 0.0
379.9558377998967 510.7855853099221 0.0
380.9557212769413 510.8008507065182 0.0
381.9556047539859 510.8161161031143 0.0
382.9554882310305 510.8313814997104 0.0
383.95537170807506 510.84664689630654 0.0
384.95525518511965 510.8619122929026 0.0
385.9551386621642 510.8771776894987 0.0
386.9550221392088 510.89244308609483 0.0
387.95490561625337 510.9077084826909 0.0
388.95478909329796 510.92297387928704 0.0
389.95467257034255 510.9382392758831 0.0
390.95455604738714 510.9535046724792 0.0
391.9544395244317 510.96877006907533 0.0
392.95432300147627 510.9840354656714 0.0
393.95420647852086 510.99930086226755 0.0
394.66182638773984 510.2927075817469 0.0
395.3694462969588 509.5861143012263 0.0
396.07706620617785 508.8795210207056 0.0
396.7846861153968 508.172927740185 0.0
397.4923060246158 507.4663344596644 0.0
398.1999259338348 506.75974117914376 0.0
398.90754584305375 506.0531478986231 0.0
399.61516575227273 505.34655461810246 0.0
400.32278566149176 504.63996133758184 0.0
401.03040557071074 503.9333680570612 0.0
401.7380254799297 503.22677477654054 0.0
402.4456453891487 502.5201814960199 0.0
403.15326529836767 501.8135882154993 0.0
403.8608852075867 501.1069949349787 0.0
404.5685051168057 500.40040165445805 0.0
405.27612502602466 499.6938083739374 0.0
405.98374493524364 498.98721509341675 0.0
406.6913648444626 498.28062181289613 0.0
407.3989847536816 497.5740285323755 0.0
408.1066046629006 496.86743525185483 0.0
408.8142245721196 496.1608419713342 0.0
409.5218444813386 495.4542486908136 0.0
410.22946439055755 494.74765541029296 0.0
410.93708429977653 494.0410621297723 0.0
411.64470420899556 493.33446884925166 0.0
412.35232411821454 492.62787556873104 0.0
413.0599440274335 491.9212822882104 0.0
413.7675639366525 491.2146890076898 0.0
414.47518384587147 490.5080957271691 0.0
415.18280375509045 489.8015024466485 0.0
415.8904236643095 489.0949091661279 0.0
416.59804357352846 488.38831588560726 0.0
417.30566348274743 487.6817226050866 0.0
418.0132833919664 486.97512932456596 0.0
418.7209033011854 486.26853604404533 0.0
419.4285232104044 485.5619427635247 0.0
420.1361431196234 484.85534948300403 0.0
420.8437630288424 484.1487562024834 0.0
421.55138293806135 483.4421629219628 0.0
422.2590028472803 482.73556964144217 0.0
422.9666227564993 482.02897636092155 0.0
423.67424266571834 481.32238308040087 0.0
424.3818625749373 480.61578979988025 0.0
425.0894824841563 479.9091965193596 0.0
425.79710239337527 479.202603238839 0.0
425.91436247002673 478.20950199806657 0.0
426.0316225466782 477.2164007572942 0.0
426.14888262332965 476.22329951652176 0.0
426.2661426999811 475.2301982757494 0.0
426.3834027766326 474.23709703497696 0.0
426.5006628532841 473.2439957942046 0.0
426.61792292993556 472.25089455343215 0.0
426.735183006587 471.25779331265977 0.0
426.8524430832385 470.26469207188734 0.0
426.96970315988995 469.27159083111496 0.0
427.0869632365414 468.27848959034253 0.0
427.20422331319287 467.28538834957016 0.0
427.32148338984433 466.2922871087977 0.0
427.4387434664958 465.29918586802535 0.0
427.55600354314726 464.3060846272529 0.0
427.6732636197987 463.3129833864805 0.0
427.7905236964502 462.3198821457081 0.0
427.9077837731017 461.3267809049357 0.0
428.02504384975316 460.3336796641633 0.0
428.1423039264046 459.34057842339087 0.0
428.2595640030561 458.3474771826185 0.0
428.37682407970755 457.35437594184606 0.0
428.494084156359 456.3612747010737 0.0
428.61134423301047 455.36817346030125 0.0
428.72860430966193 454.3750722195289 0.0
428.8458643863134 453.38197097875644 0.0
428.96312446296486 452.38886973798407 0.0
429.0803845396163 451.39576849721163 0.0
429.1976446162678 450.40266725643926 0.0
429.3149046929193 449.4095660156668 0.0
429.43216476957076 448.4164647748944 0.0
429.5494248462222 447.423363534122 0.0
429.6666849228737 446.4302622933496 0.0
429.78394499952515 445.4371610525772 0.0
429.9012050761766 444.4440598118048 0.0
430.01846515282807 443.4509585710324 0.0
430.13572522947953 442.45785733025997 0.0
430.252985306131 441.4647560894876 0.0
430.37024538278246 440.47165484871516 0.0
430.4875054594339 439.4785536079428 0.0
430.60476553608544 438.48545236717035 0.0
430.7220256127369 437.492351126398 0.0
430.83928568938836 436.49924988562555 0.0
430.9565457660398 435.50614864485317 0.0
431.0738058426913 434.51304740408074 0.0
431.19106591934275 433.5199461633083 0.0
431.3083259959942 432.52684492253593 0.0
431.4255860726457 431.5337436817635 0.0
431.54284614929713 430.5406424409911 0.0
431.6601062259486 429.5475412002187 0.0
431.77736630260006 428.5544399594463 0.0
431.8946263792515 427.5613387186739 0.0
432.01188645590304 426.5682374779015 0.0
432.1291465325545 425.5751362371291 0.0
432.24640660920596 424.5820349963567 0.0
432.3636666858574 423.58893375558426 0.0
432.4809267625089 422.5958325148119 0.0
432.59818683916035 421.60273127403946 0.0
432.7154469158118 420.6096300332671 0.0
432.8327069924633 419.61652879249465 0.0
432.94996706911473 418.6234275517222 0.0
433.0672271457662 417.63032631094984 0.0
433.18448722241766 416.6372250701774 0.0
433.3017472990691 415.64412382940503 0.0
433.41900737572064 414.6510225886326 0.0
433.5362674523721 413.6579213478602 0.0
433.65352752902356 412.6648201070878 0.0
433.770787605675 411.6717188663154 0.0
433.8880476823265 410.678617625543 0.0
434.00530775897795 409.6855163847706 0.0
434.1225678356294 408.6924151439982 0.0
434.2398279122809 407.69931390322574 0.0
434.35708798893234 406.70621266245337 0.0
434.4743480655838 405.713111421681 0.0
434.59160814223526 404.72001018090856 0.0
434.7088682188868 403.7269089401361 0.0
434.82612829553824 402.73380769936375 0.0
434.9433883721897 401.7407064585914 0.0
435.06064844884116 400.74760521781894 0.0
435.1779085254926 399.7545039770465 0.0
435.2951686021441 398.76140273627414 0.0
435.41242867879555 397.7683014955017 0.0
435.529688755447 396.7752002547293 0.0
435.6469488320985 395.7820990139569 0.0
435.76420890874994 394.7889977731845 0.0
435.8814689854014 393.7958965324121 0.0
435.99872906205286 392.80279529163965 0.0
436.1159891387044 391.8096940508673 0.0
436.23324921535584 390.8165928100949 0.0
436.3505092920073 389.82349156932247 0.0
436.46776936865876 388.83039032855004 0.0
436.5850294453102 387.83728908777766 0.0
436.7022895219617 386.8441878470053 0.0
436.81954959861315 385.85108660623285 0.0
436.9368096752646 384.8579853654604 0.0
437.0540697519161 383.86488412468805 0.0
437.17132982856754 382.8717828839156 0.0
437.288589905219 381.87868164314324 0.0
437.40584998187046 380.8855804023708 0.0
437.523110058522 379.89247916159843 0.0
437.64037013517344 378.899377920826 0.0
437.7576302118249 377.90627668005357 0.0
437.87489028847637 376.9131754392812 0.0
437.9921503651278 375.9200741985088 0.0
438.1094104417793 374.9269729577364 0.0
438.22667051843075 373.93387171696395 0.0
438.3439305950822 372.9407704761916 0.0
438.4611906717337 371.9476692354192 0.0
438.57845074838514 370.95456799464677 0.0
438.6957108250366 369.96146675387433 0.0
438.8129709016881 368.96836551310196 0.0
438.9302309783396 367.9752642723295 0.0
439.04749105499104 366.98216303155715 0.0
439.1647511316425 365.9890617907847 0.0
439.28201120829397 364.99596055001234 0.0
439.3992712849454 364.0028593092399 0.0
439.5165313615969 363.0097580684675 0.0
439.63379143824835 362.0166568276951 0.0
439.7510515148998 361.0235555869227 0.0
439.8683115915513 360.0304543461503 0.0
439.98557166820274 359.03735310537786 0.0
440.1028317448542 358.0442518646055 0.0
440.22009182150566 357.0511506238331 0.0
440.3373518981572 356.0580493830607 0.0
440.45461197480864 355.06494814228824 0.0
440.5718720514601 354.07184690151587 0.0
440.68913212811157 353.07874566074344 0.0
440.80639220476303 352.08564441997106 0.0
440.9236522814145 351.09254317919863 0.0
441.04091235806595 350.09944193842625 0.0
441.1581724347174 349.1063406976538 0.0
441.2754325113689 348.1132394568814 0.0
441.39269258802034 347.120138216109 0.0
441.5099526646718 346.12703697533664 0.0
441.6272127413233 345.1339357345642 0.0
441.7444728179748 344.1408344937918 0.0
441.86173289462624 343.1477332530194 0.0
441.9789929712777 342.154632012247 0.0
442.09625304792917 341.1615307714746 0.0
442.21351312458063 340.16842953070216 0.0
442.3307732012321 339.1753282899298 0.0
442.44803327788355 338.1822270491574 0.0
442.565293354535 337.189125808385 0.0
442.6825534311865 336.19602456761254 0.0
442.79981350783794 335.20292332684016 0.0
442.91707358448946 334.20982208606773 0.0
443.0343336611409 333.2167208452953 0.0
443.1515937377924 332.2236196045229 0.0
443.26885381444384 331.23051836375055 0.0
443.3861138910953 330.2374171229781 0.0
443.50337396774677 329.2443158822057 0.0
443.62063404439823 328.2512146414333 0.0
443.7378941210497 327.25811340066093 0.0
443.85515419770115 326.2650121598885 0.0
443.9724142743526 325.27191091911607 0.0
444.0896743510041 324.2788096783437 0.0
444.20693442765554 323.2857084375713 0.0
444.324194504307 322.2926071967989 0.0
444.4414545809585 321.29950595602645 0.0
444.55871465761 320.3064047152541 0.0
444.67597473426144 319.31330347448164 0.0
444.7932348109129 318.3202022337092 0.0
444.91049488756437 317.32710099293683 0.0
445.02775496421583 316.33399975216446 0.0
445.1450150408673 315.340898511392 0.0
445.26227511751875 314.3477972706196 0.0
445.3795351941702 313.3546960298472 0.0
445.4967952708217 312.36159478907484 0.0
445.61405534747314 311.3684935483024 0.0
445.73131542412466 310.37539230753 0.0
445.8485755007761 309.3822910667576 0.0
445.9658355774276 308.3891898259852 0.0
446.08309565407905 307.3960885852128 0.0
446.2003557307305 306.40298734444036 0.0
446.31761580738197 305.409886103668 0.0
446.43487588403343 304.41678486289555 0.0
446.5521359606849 303.4236836221231 0.0
446.66939603733636 302.43058238135075 0.0
446.7866561139878 301.43748114057837 0.0
446.9039161906393 300.44437989980594 0.0
447.02117626729074 299.4512786590335 0.0
447.13843634394226 298.45817741826113 0.0
447.2556964205937 297.46507617748875 0.0
447.3729564972452 296.4719749367163 0.0
447.49021657389665 295.4788736959439 0.0
447.6074766505481 294.4857724551715 0.0
447.72473672719957 293.49267121439914 0.0
447.84199680385103 292.4995699736267 0.0
447.9592568805025 291.5064687328543 0.0
448.07651695715396 290.5133674920819 0.0
448.1937770338054 289.52026625130947 0.0
448.3110371104569 288.52716501053703 0.0
448.42829718710834 287.53406376976466 0.0
448.54555726375986 286.5409625289923 0.0
448.6628173404113 285.54786128821985 0.0
448.7800774170628 284.5547600474474 0.0
448.89733749371425 283.56165880667504 0.0
449.0145975703657 282.56855756590267 0.0
449.13185764701717 281.57545632513023 0.0
449.24911772366863 280.5823550843578 0.0
449.3663778003201 279.5892538435854 0.0
449.48363787697156 278.59615260281305 0.0
449.600897953623 277.6030513620406 0.0
449.7181580302745 276.6099501212682 0.0
449.835418106926 275.6168488804958 0.0
449.95267818357746 274.6237476397234 0.0
450.0699382602289 273.63064639895094 0.0
450.1871983368804 272.63754515817857 0.0
450.30445841353185 271.6444439174062 0.0
450.4217184901833 270.65134267663376 0.0
450.53897856683477 269.6582414358613 0.0
450.65623864348623 268.66514019508895 0.0
450.7734987201377 267.6720389543166 0.0
450.89075879678916 266.67893771354414 0.0
451.0080188734406 265.6858364727717 0.0
451.1252789500921 264.69273523199934 0.0
451.2425390267436 263.69963399122696 0.0
451.35979910339506 262.7065327504545 0.0
451.4770591800465 261.7134315096821 0.0
451.594319256698 260.7203302689097 0.0
451.71157933334945 259.7272290281373 0.0
451.8288394100009 258.73412778736486 0.0
451.9460994866524 257.7410265465925 0.0
452.06335956330383 256.7479253058201 0.0
452.1806196399553 255.75482406504767 0.0
452.29787971660676 254.76172282427527 0.0
452.4151397932582 253.76862158350286 0.0
452.5323998699097 252.77552034273046 0.0
452.6496599465612 251.78241910195806 0.0
452.76692002321266 250.78931786118565 0.0
452.8841800998641 249.79621662041325 0.0
453.0014401765156 248.80311537964084 0.0
453.11870025316705 247.81001413886844 0.0
453.2359603298185 246.816912898096 0.0
453.35322040647 245.8238116573236 0.0
453.47048048312143 244.8307104165512 0.0
453.5877405597729 243.8376091757788 0.0
453.70500063642436 242.8445079350064 0.0
453.8222607130758 241.851406694234 0.0
453.93952078972734 240.85830545346158 0.0
454.0567808663788 239.86520421268918 0.0
454.17404094303026 238.87210297191677 0.0
454.2913010196817 237.87900173114437 0.0
454.4085610963332 236.88590049037197 0.0
454.52582117298465 235.89279924959956 0.0
454.6430812496361 234.89969800882716 0.0
454.7603413262876 233.90659676805475 0.0
454.87760140293904 232.91349552728235 0.0
454.9948614795905 231.92039428650992 0.0
455.11212155624196 230.9272930457375 0.0
455.2293816328934 229.9341918049651 0.0
455.34664170954494 228.9410905641927 0.0
455.4639017861964 227.9479893234203 0.0
455.58116186284786 226.9548880826479 0.0
455.6984219394993 225.9617868418755 0.0
455.8156820161508 224.9686856011031 0.0
455.93294209280225 223.97558436033069 0.0
456.0502021694537 222.98248311955825 0.0
456.1674622461052 221.98938187878588 0.0
456.28472232275664 220.99628063801345 0.0
456.4019823994081 220.00317939724107 0.0
456.51924247605956 219.01007815646864 0.0
456.636502552711 218.01697691569626 0.0
456.75376262936254 217.02387567492383 0.0
456.871022706014 216.03077443415145 0.0
456.98828278266546 215.03767319337902 0.0
457.1055428593169 214.04457195260665 0.0
457.2228029359684 213.0514707118342 0.0
457.34006301261985 212.05836947106184 0.0
457.4573230892713 211.0652682302894 0.0
457.5745831659228 210.07216698951703 0.0
457.69184324257424 209.0790657487446 0.0
457.8091033192257 208.08596450797216 0.0
457.92636339587716 207.0928632671998 0.0
458.0436234725287 206.09976202642736 0.0
458.16088354918014 205.10666078565498 0.0
458.2781436258316 204.11355954488255 0.0
458.39540370248307 203.12045830411017 0.0
458.5126637791345 202.12735706333774 0.0
458.629923855786 201.13425582256536 0.0
458.74718393243745 200.14115458179293 0.0
458.8644440090889 199.14805334102056 0.0
458.9817040857404 198.15495210024812 0.0
459.9807584244343 198.19843115654848 1.0
460.9798127631283 198.24191021284884 1.0
461.9788671018223 198.28538926914922 1.0
462.97792144051624 198.32886832544958 1.0
463.9769757792102 198.37234738174993 1.0
464.97603011790414 198.4158264380503 1.0
465.9750844565981 198.45930549435064 1.0
466.97413879529205 198.50278455065103 1.0
467.97319313398606 198.54626360695138 1.0
468.97224747268 198.58974266325174 1.0
469.97130181137396 198.6332217195521 1.0
470.9703561500679 198.67670077585245 1.0
471.96941048876187 198.7201798321528 1.0
472.9684648274558 198.7636588884532 1.0
473.9675191661498 198.80713794475355 1.0
474.9665735048438 198.8506170010539 1.0
475.96562784353773 198.89409605735426 1.0
476.9646821822317 198.93757511365462 1.0
477.96373652092564 198.981054169955 1.0
478.96279085961964 199.02453322625536 1.0
479.9618451983136 199.0680122825557 1.0
480.96089953700755 199.11149133885607 1.0
481.9599538757015 199.15497039515643 1.0
482.95900821439545 199.1984494514568 1.0
483.9580625530894 199.24192850775717 1.0
484.9571168917834 199.28540756405752 1.0
485.95617123047737 199.32888662035788 1.0
486.9552255691713 199.37236567665823 1.0
487.95427990786527 199.41584473295862 1.0
488.9533342465592 199.45932378925897 1.0
489.9523885852532 199.50280284555933 1.0
490.9514429239472 199.5462819018597 1.0
491.95049726264114 199.58976095816004 1.0
492.9495516013351 199.6332400144604 1.0
493.94860594002904 199.67671907076078 1.0
494.947660278723 199.72019812706114 1.0
495.946714617417 199.7636771833615 1.0
496.94576895611095 199.80715623966185 1.0
497.9448232948049 199.8506352959622 1.0
498.94387763349886 199.8941143522626 1.0
499.9429319721928 199.93759340856295 1.0
500.94198631088676 199.9810724648633 1.0
501.9410406495807 200.02455152116366 1.0
502.9400949882747 200.06803057746401 1.0
503.9391493269687 200.1115096337644 1.0
504.9382036656626 200.15498869006476 1.0
505.9372580043566 200.1984677463651 1.0
506.93631234305053 200.24194680266547 1.0
507.93536668174454 200.28542585896582 1.0
508.9344210204385 200.3289049152662 1.0
509.93347535913244 200.37238397156656 1.0
510.9325296978264 200.41586302786692 1.0
511.93158403652035 200.45934208416728 1.0
512.9306383752144 200.50282114046763 1.0
513.9296927139083 200.546300196768 1.0
514.9287470526023 200.58977925306837 1.0
515.9278013912963 200.63325830936873 1.0
516.9268557299902 200.67673736566908 1.0
517.9259100686842 200.72021642196944 1.0
518.9249644073781 200.7636954782698 1.0
519.9240187460721 200.80717453457018 1.0
520.923073084766 200.85065359087054 1.0
521.92212742346 200.8941326471709 1.0
522.921181762154 200.93761170347125 1.0
523.9202361008479 200.9810907597716 1.0
524.9192904395419 201.024569816072 1.0
525.9183447782358 201.06804887237234 1.0
526.9173991169298 201.1115279286727 1.0
527.9164534556238 201.15500698497306 1.0
528.9155077943177 201.1984860412734 1.0
529.9145621330117 201.24196509757377 1.0
530.9136164717056 201.28544415387415 1.0
531.9126708103996 201.3289232101745 1.0
532.9117251490936 201.37240226647486 1.0
533.9107794877875 201.41588132277522 1.0
534.9098338264815 201.45936037907558 1.0
535.9088881651754 201.50283943537596 1.0
536.9079425038694 201.54631849167632 1.0
537.9069968425633 201.58979754797667 1.0
538.9060511812573 201.63327660427703 1.0
539.9051055199513 201.67675566057738 1.0
540.9041598586452 201.72023471687777 1.0
541.9032141973393 201.76371377317813 1.0
542.9022685360331 201.80719282947848 1.0
543.9013228747272 201.85067188577884 1.0
544.900377213421 201.8941509420792 1.0
545.8994315521151 201.93762999837958 1.0
546.8984858908091 201.98110905467993 1.0
547.897540229503 202.0245881109803 1.0
548.896594568197 202.06806716728065 1.0
549.895648906891 202.111546223581 1.0
550.8947032455849 202.15502527988136 1.0
551.8937575842789 202.19850433618174 1.0
552.8928119229728 202.2419833924821 1.0
553.8918662616668 202.28546244878245 1.0
554.8909206003607 202.3289415050828 1.0
555.8899749390547 202.37242056138317 1.0
556.8890292777487 202.41589961768355 1.0
557.8880836164426 202.4593786739839 1.0
558.8871379551366 202.50285773028426 1.0
559.8861922938305 202.54633678658462 1.0
560.8852466325245 202.58981584288497 1.0
561.8843009712184 202.63329489918536 1.0
562.8833553099124 202.67677395548571 1.0
563.8824096486064 202.72025301178607 1.0
564.8814639873003 202.76373206808643 1.0
565.8805183259943 202.80721112438678 1.0
566.8795726646883 202.85069018068714 1.0
567.8786270033822 202.89416923698752 1.0
568.8776813420762 202.93764829328788 1.0
569.8767356807701 202.98112734958823 1.0
570.8757900194641 203.0246064058886 1.0
571.874844358158 203.06808546218895 1.0
572.873898696852 203.11156451848933 1.0
573.8729530355461 203.1550435747897 1.0
574.87200737424 203.19852263109004 1.0
575.871061712934 203.2420016873904 1.0
576.8701160516279 203.28548074369075 1.0
577.8691703903219 203.32895979999114 1.0
578.8682247290158 203.3724388562915 1.0
579.8672790677098 203.41591791259185 1.0
580.8663334064038 203.4593969688922 1.0
581.8653877450977 203.50287602519256 1.0
582.8644420837917 203.54635508149295 1.0
583.8634964224857 203.5898341377933 1.0
584.8625507611796 203.63331319409366 1.0
585.8616050998736 203.67679225039402 1.0
586.8606594385675 203.72027130669437 1.0
587.8597137772615 203.76375036299476 1.0
588.8587681159554 203.8072294192951 1.0
589.8578224546494 203.85070847559547 1.0
590.8568767933434 203.89418753189582 1.0
591.8559311320373 203.93766658819618 1.0
592.8549854707313 203.98114564449654 1.0
593.8540398094252 204.02462470079692 1.0
594.8530941481192 204.06810375709728 1.0
595.8521484868131 204.11158281339763 1.0
596.8512028255071 204.155061869698 1.0
597.8502571642011 204.19854092599834 1.0
598.849311502895 204.24201998229873 1.0
599.848365841589 204.28549903859908 1.0
600.847420180283 204.32897809489944 1.0
601.846474518977 204.3724571511998 1.0
602.845528857671 204.41593620750015 1.0
603.8445831963649 204.45941526380054 1.0
604.8436375350589 204.5028943201009 1.0
605.8426918737528 204.54637337640125 1.0
606.8417462124468 204.5898524327016 1.0
607.8408005511408 204.63333148900196 1.0
608.8398548898347 204.67681054530232 1.0
609.8389092285287 204.7202896016027 1.0
610.8379635672226 204.76376865790306 1.0
611.8370179059166 204.8072477142034 1.0
612.8360722446105 204.85072677050377 1.0
613.8351265833045 204.89420582680413 1.0
614.8341809219985 204.9376848831045 1.0
615.8332352606924 204.98116393940487 1.0
616.8322895993864 205.02464299570522 1.0
617.8313439380804 205.06812205200558 1.0
618.8303982767743 205.11160110830593 1.0
619.8294526154683 205.15508016460632 1.0
620.8285069541622 205.19855922090667 1.0
621.8275612928562 205.24203827720703 1.0
622.8266156315501 205.28551733350739 1.0
623.8256699702441 205.32899638980774 1.0
624.8247243089381 205.37247544610813 1.0
625.823778647632 205.41595450240848 1.0
626.822832986326 205.45943355870884 1.0
627.8218873250199 205.5029126150092 1.0
628.8209416637139 205.54639167130955 1.0
629.8199960024078 205.5898707276099 1.0
630.8190503411018 205.6333497839103 1.0
631.8181046797959 205.67682884021065 1.0
632.8171590184897 205.720307896511 1.0
633.8162133571838 205.76378695281136 1.0
634.8152676958778 205.80726600911171 1.0
635.8143220345717 205.8507450654121 1.0
636.8133763732657 205.89422412171245 1.0
637.8124307119596 205.9377031780128 1.0
638.8114850506536 205.98118223431317 1.0
639.8105393893475 206.02466129061352 1.0
640.8095937280415 206.0681403469139 1.0
641.8086480667355 206.11161940321426 1.0
642.8077024054294 206.15509845951462 1.0
643.8067567441234 206.19857751581497 1.0
644.8058110828173 206.24205657211533 1.0
645.8048654215113 206.2855356284157 1.0
646.8039197602052 206.32901468471607 1.0
647.8029740988992 206.37249374101643 1.0
648.8020284375932 206.41597279731678 1.0
649.8010827762871 206.45945185361714 1.0
650.8001371149811 206.5029309099175 1.0
651.7991914536751 206.54640996621788 1.0
652.798245792369 206.58988902251824 1.0
653.797300131063 206.6333680788186 1.0
654.7963544697569 206.67684713511895 1.0
655.7954088084509 206.7203261914193 1.0
656.7944631471448 206.7638052477197 1.0
657.7935174858388 206.80728430402004 1.0
658.7925718245328 206.8507633603204 1.0
659.7916261632267 206.89424241662076 1.0
660.7906805019207 206.9377214729211 1.0
661.7897348406146 206.9812005292215 1.0
662.7887891793087 207.02467958552185 1.0
663.7878435180025 207.0681586418222 1.0
664.7868978566966 207.11163769812256 1.0
665.7859521953906 207.15511675442292 1.0
666.7850065340845 207.1985958107233 1.0
667.7840608727785 207.24207486702366 1.0
668.7831152114725 207.28555392332402 1.0
669.7821695501664 207.32903297962437 1.0
670.7812238888604 207.37251203592473 1.0
671.7802782275543 207.41599109222508 1.0
672.7793325662483 207.45947014852547 1.0
673.7783869049422 207.50294920482582 1.0
674.7774412436362 207.54642826112618 1.0
675.7764955823302 207.58990731742654 1.0
676.7755499210241 207.6333863737269 1.0
677.7746042597181 207.67686543002728 1.0
678.773658598412 207.72034448632763 1.0
679.772712937106 207.763823542628 1.0
680.7717672757999 207.80730259892835 1.0
681.7708216144939 207.8507816552287 1.0
682.7698759531879 207.89426071152909 1.0
683.7689302918818 207.93773976782944 1.0
684.7679846305758 207.9812188241298 1.0
685.7670389692698 208.02469788043015 1.0
686.7660933079637 208.0681769367305 1.0
687.7651476466577 208.11165599303087 1.0
688.7642019853516 208.15513504933125 1.0
689.7632563240456 208.1986141056316 1.0
690.7623106627395 208.24209316193196 1.0
691.7613650014335 208.28557221823232 1.0
692.7604193401276 208.32905127453267 1.0
693.7594736788215 208.37253033083306 1.0
694.7585280175155 208.4160093871334 1.0
695.7575823562094 208.45948844343377 1.0
696.7566366949034 208.50296749973413 1.0
697.7556910335973 208.54644655603448 1.0
698.7547453722913 208.58992561233487 1.0
699.7537997109853 208.63340466863522 1.0
700.7528540496792 208.67688372493558 1.0
701.7519083883732 208.72036278123593 1.0
702.7509627270672 208.7638418375363 1.0
703.7500170657611 208.80732089383667 1.0
704.749071404455 208.85079995013703 1.0
705.748125743149 208.8942790064374 1.0
706.747180081843 208.93775806273774 1.0
707.7462344205369 208.9812371190381 1.0
708.7452887592309 209.02471617533848 1.0
709.7443430979249 209.06819523163884 1.0
710.7433974366188 209.1116742879392 1.0
711.7424517753128 209.15515334423955 1.0
712.7415061140067 209.1986324005399 1.0
713.7405604527007 209.24211145684026 1.0
714.7396147913946 209.28559051314065 1.0
715.7386691300886 209.329069569441 1.0
716.7377234687826 209.37254862574136 1.0
717.7367778074765 209.41602768204172 1.0
718.7358321461705 209.45950673834207 1.0
719.7348864848645 209.50298579464246 1.0
720.7339408235584 209.5464648509428 1.0
721.7329951622523 209.58994390724317 1.0
722.7320495009463 209.63342296354352 1.0
723.7311038396404 209.67690201984388 1.0
724.7301581783342 209.72038107614424 1.0
725.7292125170283 209.76386013244462 1.0
726.7282668557223 209.80733918874498 1.0
727.7273211944162 209.85081824504533 1.0
728.7263755331101 209.8942973013457 1.0
729.7254298718042 209.93777635764604 1.0
730.7244842104981 209.98125541394643 1.0
731.723538549192 210.02473447024678 1.0
732.722592887886 210.06821352654714 1.0
733.72164722658 210.1116925828475 1.0
734.7207015652739 210.15517163914785 1.0
735.7197559039679 210.19865069544824 1.0
736.7188102426619 210.2421297517486 1.0
737.7178645813558 210.28560880804895 1.0
738.7169189200497 210.3290878643493 1.0
739.7159732587437 210.37256692064966 1.0
740.7150275974377 210.41604597695004 1.0
741.7140819361316 210.4595250332504 1.0
742.7131362748256 210.50300408955076 1.0
743.7121906135196 210.5464831458511 1.0
744.7112449522135 210.58996220215147 1.0
745.7102992909074 210.63344125845185 1.0
746.7093536296015 210.6769203147522 1.0
747.7084079682954 210.72039937105257 1.0
748.7074623069893 210.76387842735292 1.0
749.7065166456833 210.80735748365328 1.0
750.7055709843773 210.85083653995363 1.0
751.7046253230712 210.89431559625402 1.0
752.7036796617652 210.93779465255437 1.0
753.7027340004593 210.98127370885473 1.0
754.7017883391532 211.02475276515509 1.0
755.700842677847 211.06823182145544 1.0
756.6998970165411 211.11171087775583 1.0
757.6989513552351 211.15518993405618 1.0
758.698005693929 211.19866899035654 1.0
759.697060032623 211.2421480466569 1.0
760.696114371317 211.28562710295725 1.0
761.6951687100109 211.32910615925763 1.0
762.6942230487048 211.372585215558 1.0
763.6932773873989 211.41606427185835 1.0
764.6923317260928 211.4595433281587 1.0
765.6913860647867 211.50302238445906 1.0
766.6904404034807 211.5465014407594 1.0
767.6894947421747 211.5899804970598 1.0
768.6885490808686 211.63345955336015 1.0
769.6876034195626 211.6769386096605 1.0
770.6866577582566 211.72041766596087 1.0
771.6857120969505 211.76389672226122 1.0
772.6847664356444 211.8073757785616 1.0
773.6838207743384 211.85085483486196 1.0
774.6828751130324 211.89433389116232 1.0
775.6819294517263 211.93781294746267 1.0
776.6809837904203 211.98129200376303 1.0
777.6800381291143 212.02477106006342 1.0
778.6790924678082 212.06825011636377 1.0
779.6781468065021 212.11172917266413 1.0
780.6772011451962 212.15520822896448 1.0
781.6762554838901 212.19868728526484 1.0
782.675309822584 212.24216634156522 1.0
783.674364161278 212.28564539786558 1.0
784.6734184999721 212.32912445416594 1.0
785.672472838666 212.3726035104663 1.0
786.67152717736 212.41608256676665 1.0
787.670581516054 212.45956162306703 1.0
788.6696358547479 212.5030406793674 1.0
789.6686901934418 212.54651973566774 1.0
790.6677445321358 212.5899987919681 1.0
791.6667988708298 212.63347784826846 1.0
792.6658532095237 212.6769569045688 1.0
793.6649075482177 212.7204359608692 1.0
794.6639618869117 212.76391501716955 1.0
795.6630162256056 212.8073940734699 1.0
796.6620705642995 212.85087312977026 1.0
797.6611249029936 212.89435218607062 1.0
798.6601792416875 212.937831242371 1.0
799.6592335803814 212.98131029867136 1.0
800.6582879190754 213.02478935497172 1.0
801.6573422577694 213.06826841127207 1.0
802.6563965964633 213.11174746757243 1.0
803.6554509351573 213.15522652387278 1.0
804.6545052738513 213.19870558017317 1.0
805.6535596125452 213.24218463647352 1.0
806.6526139512391 213.28566369277388 1.0
807.6516682899331 213.32914274907424 1.0
808.6507226286271 213.3726218053746 1.0
809.649776967321 213.41610086167498 1.0
810.648831306015 213.45957991797533 1.0
811.647885644709 213.5030589742757 1.0
812.646939983403 213.54653803057604 1.0
813.6459943220968 213.5900170868764 1.0
814.645048660791 213.63349614317679 1.0
815.6441029994849 213.67697519947714 1.0
816.6431573381788 213.7204542557775 1.0
817.6422116768728 213.76393331207785 1.0
818.6412660155668 213.8074123683782 1.0
819.6403203542607 213.8508914246786 1.0
820.6393746929547 213.89437048097895 1.0
821.6384290316487 213.9378495372793 1.0
822.6374833703426 213.98132859357966 1.0
823.6365377090365 214.02480764988002 1.0
824.6355920477305 214.0682867061804 1.0
825.6346463864245 214.11176576248076 1.0
826.6337007251184 214.1552448187811 1.0
827.6327550638124 214.19872387508147 1.0
828.6318094025064 214.24220293138183 1.0
829.6308637412003 214.2856819876822 1.0
830.6299180798942 214.32916104398257 1.0
831.6289724185883 214.37264010028292 1.0
832.6280267572822 214.41611915658328 1.0
833.6270810959761 214.45959821288363 1.0
834.6261354346701 214.503077269184 1.0
835.6251897733641 214.54655632548437 1.0
836.624244112058 214.59003538178473 1.0
837.623298450752 214.6335144380851 1.0
838.622352789446 214.67699349438544 1.0
839.6214071281399 214.7204725506858 1.0
840.6204614668338 214.76395160698615 1.0
841.6195158055278 214.80743066328654 1.0
842.6185701442218 214.8509097195869 1.0
843.6176244829157 214.89438877588725 1.0
844.6166788216098 214.9378678321876 1.0
845.6157331603038 214.98134688848796 1.0
846.6147874989977 215.02482594478835 1.0
847.6138418376916 215.0683050010887 1.0
848.6128961763857 215.11178405738906 1.0
849.6119505150796 215.15526311368941 1.0
850.6110048537735 215.19874216998977 1.0
851.6100591924675 215.24222122629016 1.0
852.6091135311615 215.2857002825905 1.0
853.6081678698554 215.32917933889087 1.0
854.6072222085494 215.37265839519122 1.0
855.6062765472434 215.41613745149158 1.0
856.6053308859373 215.45961650779196 1.0
857.6043852246312 215.50309556409232 1.0
858.6034395633252 215.54657462039268 1.0
859.6024939020192 215.59005367669303 1.0
860.6015482407131 215.6335327329934 1.0
861.6006025794071 215.67701178929377 1.0
862.5996569181011 215.72049084559413 1.0
863.598711256795 215.76396990189448 1.0
864.5977655954889 215.80744895819484 1.0
865.596819934183 215.8509280144952 1.0
866.5958742728769 215.89440707079558 1.0
867.5949286115708 215.93788612709594 1.0
868.5939829502648 215.9813651833963 1.0
869.5930372889588 216.02484423969665 1.0
870.5920916276527 216.068323295997 1.0
871.5911459663467 216.1118023522974 1.0
872.5902003050408 216.15528140859774 1.0
873.5892546437346 216.1987604648981 1.0
874.5883089824285 216.24223952119846 1.0
875.5873633211226 216.2857185774988 1.0
876.5864176598166 216.32919763379917 1.0
877.5854719985105 216.37267669009955 1.0
878.5845263372045 216.4161557463999 1.0
879.5835806758985 216.45963480270026 1.0
880.5826350145924 216.50311385900062 1.0
881.5816893532863 216.54659291530098 1.0
882.5807436919804 216.59007197160133 1.0
883.5797980306743 216.63355102790172 1.0
884.5788523693682 216.67703008420207 1.0
885.5779067080622 216.72050914050243 1.0
886.5769610467562 216.76398819680279 1.0
887.5760153854501 216.80746725310314 1.0
888.5750697241441 216.85094630940353 1.0
889.5741240628381 216.89442536570388 1.0
890.573178401532 216.93790442200424 1.0
891.5722327402259 216.9813834783046 1.0
891.6752306866376 217.9760650469661 0.0
891.7782286330494 218.97074661562766 0.0
891.8812265794611 219.96542818428918 0.0
891.9842245258728 220.96010975295073 0.0
892.0872224722846 221.95479132161225 0.0
892.1902204186963 222.9494728902738 0.0
892.293218365108 223.94415445893532 0.0
892.3962163115198 224.93883602759684 0.0
892.4992142579315 225.93351759625838 0.0
892.6022122043432 226.9281991649199 0.0
892.705210150755 227.92288073358145 0.0
892.8082080971668 228.91756230224297 0.0
892.9112060435785 229.9122438709045 0.0
893.0142039899903 230.90692543956604 0.0
893.117201936402 231.90160700822756 0.0
893.2201998828137 232.8962885768891 0.0
893.3231978292255 233.89097014555063 0.0
893.4261957756372 234.88565171421214 0.0
893.529193722049 235.8803332828737 0.0
893.6321916684607 236.8750148515352 0.0
893.7351896148724 237.86969642019676 0.0
893.8381875612841 238.86437798885828 0.0
893.9411855076959 239.8590595575198 0.0
894.0441834541076 240.85374112618135 0.0
894.1471814005193 241.84842269484287 0.0
894.2501793469311 242.84310426350442 0.0
894.3531772933428 243.83778583216593 0.0
894.4561752397545 244.83246740082748 0.0
894.5591731861663 245.827148969489 0.0
894.662171132578 246.82183053815052 0.0
894.7651690789897 247.81651210681207 0.0
894.8681670254015 248.8111936754736 0.0
894.9711649718132 249.80587524413514 0.0
895.074162918225 250.80055681279666 0.0
895.1771608646368 251.7952383814582 0.0
895.2801588110485 252.78991995011972 0.0
895.3831567574603 253.78460151878124 0.0
895.486154703872 254.7792830874428 0.0
895.5891526502837 255.7739646561043 0.0
895.6921505966955 256.76864622476586 0.0
895.7951485431072 257.7633277934274 0.0
895.8981464895189 258.7580093620889 0.0
896.0011444359307 259.7526909307504 0.0
896.1041423823424 260.747372499412 0.0
896.2071403287541 261.7420540680735 0.0
896.3101382751659 262.73673563673503 0.0
896.4131362215776 263.73141720539655 0.0
896.5161341679893 264.7260987740581 0.0
896.619132114401 265.72078034271965 0.0
896.7221300608128 266.71546191138117 0.0
896.8251280072245 267.7101434800427 0.0
896.9281259536363 268.7048250487042 0.0
897.031123900048 269.6995066173657 0.0
897.1341218464597 270.6941881860273 0.0
897.2371197928715 271.6888697546888 0.0
897.3401177392832 272.68355132335034 0.0
897.443115685695 273.67823289201186 0.0
897.5461136321068 274.6729144606734 0.0
897.6491115785185 275.66759602933496 0.0
897.7521095249302 276.6622775979965 0.0
897.855107471342 277.656959166658 0.0
897.9581054177537 278.6516407353195 0.0
898.0611033641654 279.64632230398104 0.0
898.1641013105772 280.6410038726426 0.0
898.2670992569889 281.63568544130413 0.0
898.3700972034006 282.63036700996565 0.0
898.4730951498124 283.6250485786272 0.0
898.5760930962241 284.6197301472887 0.0
898.6790910426358 285.61441171595027 0.0
898.7820889890476 286.6090932846118 0.0
898.8850869354593 287.6037748532733 0.0
898.988084881871 288.5984564219349 0.0
899.0910828282828 289.59313799059635 0.0
899.1940807746945 290.5878195592579 0.0
899.2970787211062 291.58250112791944 0.0
899.400076667518 292.57718269658096 0.0
899.5030746139297 293.57186426524254 0.0
899.6060725603414 294.56654583390406 0.0
899.7090705067532 295.5612274025656 0.0
899.812068453165 296.5559089712271 0.0
899.9150663995767 297.5505905398886 0.0
900.0180643459885 298.5452721085502 0.0
900.1210622924002 299.5399536772117 0.0
900.224060238812 300.53463524587323 0.0
900.3270581852237 301.52931681453475 0.0
900.4300561316354 302.5239983831963 0.0
900.5330540780471 303.51867995185785 0.0
900.6360520244589 304.51336152051937 0.0
900.7390499708706 305.5080430891809 0.0
900.8420479172823 306.5027246578424 0.0
900.9450458636941 307.4974062265039 0.0
901.0480438101058 308.4920877951655 0.0
901.1510417565175 309.486769363827 0.0
901.2540397029293 310.48145093248854 0.0
901.357037649341 311.47613250115006 0.0
901.4600355957527 312.4708140698116 0.0
901.5630335421645 313.46549563847316 0.0
901.6660314885762 314.4601772071347 0.0
901.7690294349879 315.4548587757962 0.0
901.8720273813997 316.4495403444577 0.0
901.9750253278114 317.44422191311924 0.0
902.0780232742231 318.4389034817808 0.0
902.181021220635 319.43358505044233 0.0
902.2840191670467 320.42826661910385 0.0
902.3870171134585 321.42294818776537 0.0
902.4900150598702 322.4176297564269 0.0
902.5930130062819 323.41231132508847 0.0
902.6960109526937 324.40699289375 0.0
902.7990088991054 325.4016744624115 0.0
902.9020068455171 326.396356031073 0.0
903.0050047919289 327.39103759973455 0.0
903.1080027383406 328.3857191683961 0.0
903.2110006847523 329.38040073705764 0.0
903.313998631164 330.37508230571916 0.0
903.4169965775758 331.3697638743807 0.0
903.5199945239875 332.3644454430422 0.0
903.6229924703993 333.3591270117038 0.0
903.725990416811 334.3538085803653 0.0
903.8289883632227 335.3484901490268 0.0
903.9319863096345 336.34317171768834 0.0
904.1882785198321 337.3097710674667 0.0
904.4445707300297 338.2763704172451 0.0
904.7008629402274 339.2429697670235 0.0
904.9571551504249 340.2095691168019 0.0
905.2134473606226 341.1761684665803 0.0
905.4697395708201 342.1427678163587 0.0
905.7260317810178 343.10936716613713 0.0
905.9823239912155 344.0759665159155 0.0
906.238616201413 345.0425658656939 0.0
906.4949084116107 346.0091652154723 0.0
906.7512006218083 346.9757645652507 0.0
907.0074928320059 347.9423639150291 0.0
907.2637850422035 348.9089632648075 0.0
907.5200772524012 349.8755626145859 0.0
907.7763694625988 350.84216196436427 0.0
908.0326616727964 351.80876131414266 0.0
908.2889538829941 352.77536066392105 0.0
908.5452460931916 353.74196001369944 0.0
908.8015383033893 354.70855936347783 0.0
909.0578305135869 355.6751587132562 0.0
909.3141227237845 356.6417580630347 0.0
909.5704149339822 357.60835741281306 0.0
909.8267071441797 358.57495676259146 0.0
910.0829993543774 359.54155611236985 0.0
910.339291564575 360.50815546214824 0.0
910.5955837747726 361.47475481192663 0.0
910.8518759849702 362.441354161705 0.0
911.8514512856543 362.41221281200666 0.0
912.8510265863384 362.3830714623083 0.0
913.8506018870225 362.35393011260993 0.0
914.8501771877067 362.32478876291157 0.0
915.8497524883908 362.2956474132132 0.0
916.849327789075 362.26650606351484 0.0
917.8489030897591 362.2373647138165 0.0
918.8484783904432 362.2082233641181 0.0
919.8480536911273 362.17908201441975 0.0
920.8476289918115 362.1499406647214 0.0
921.8472042924956 362.12079931502296 0.0
922.8467795931797 362.0916579653246 0.0
923.8463548938638 362.06251661562624 0.0
924.8459301945479 362.0333752659279 0.0
925.845505495232 362.0042339162295 0.0
926.8450807959161 361.97509256653115 0.0
927.8446560966004 361.9459512168328 0.0
928.8442313972845 361.9168098671344 0.0
929.8438066979686 361.88766851743605 0.0
930.8433819986527 361.8585271677377 0.0
931.8429572993368 361.8293858180393 0.0
932.842532600021 361.80024446834096 0.0
933.8421079007051 361.7711031186426 0.0
934.8416832013892 361.74196176894424 0.0
935.8412585020733 361.7128204192459 0.0
936.8408338027574 361.6836790695475 0.0
937.8404091034415 361.65453771984915 0.0
938.8399844041257 361.6253963701508 0.0
939.8395597048099 361.5962550204524 0.0
940.839135005494 361.56711367075405 0.0
941.8387103061781 361.5379723210557 0.0
942.8382856068622 361.50883097135727 0.0
943.8378609075463 361.4796896216589 0.0
944.8374362082304 361.45054827196054 0.0
945.8370115089145 361.4214069222622 0.0
946.8365868095987 361.3922655725638 0.0
947.8361621102828 361.36312422286545 0.0
948.8357374109669 361.3339828731671 0.0
949.835312711651 361.3048415234687 0.0
950.8348880123352 361.27570017377036 0.0
951.8344633130193 361.246558824072 0.0
952.8340386137035 361.21741747437363 0.0
953.8336139143876 361.18827612467527 0.0
954.8331892150717 361.1591347749769 0.0
955.8327645157558 361.12999342527854 0.0
956.8323398164399 361.1008520755802 0.0
957.831915117124 361.0717107258818 0.0
958.8314904178081 361.04256937618345 0.0
959.8310657184923 361.0134280264851 0.0
960.8306410191764 360.9842866767867 0.0
961.8302163198606 360.95514532708836 0.0
962.8297916205447 360.92600397739 0.0
963.8293669212288 360.89686262769163 0.0
964.8289422219129 360.8677212779932 0.0
965.828517522597 360.83857992829485 0.0
966.8280928232812 360.8094385785965 0.0
967.8276681239653 360.7802972288981 0.0
968.8272434246494 360.75115587919976 0.0
969.8268187253335 360.7220145295014 0.0
970.8263940260176 360.69287317980303 0.0
971.8259693267017 360.66373183010467 0.0
972.8255446273859 360.6345904804063 0.0
973.8251199280701 360.60544913070794 0.0
974.8246952287542 360.5763077810096 0.0
975.8242705294383 360.5471664313112 0.0
976.8238458301224 360.51802508161285 0.0
977.8234211308065 360.4888837319145 0.0
978.8229964314907 360.4597423822161 0.0
979.8225717321748 360.43060103251776 0.0
980.8221470328589 360.4014596828194 0.0
981.821722333543 360.37231833312103 0.0
982.8212976342271 360.34317698342267 0.0
983.8208729349112 360.3140356337243 0.0
984.8204482355954 360.28489428402594 0.0
985.8200235362796 360.2557529343275 0.0
986.8195988369637 360.22661158462915 0.0
987.8191741376478 360.1974702349308 0.0
988.8187494383319 360.1683288852324 0.0
989.818324739016 360.13918753553406 0.0
990.8179000397001 360.1100461858357 0.0
991.8174753403842 360.08090483613734 0.0
992.8170506410684 360.051763486439 0.0
993.8166259417525 360.0226221367406 0.0
994.8162012424366 359.99348078704224 0.0
995.8157765431208 359.9643394373439 0.0
996.8153518438049 359.9351980876455 0.0
997.814927144489 359.90605673794715 0.0
998.8145024451732 359.8769153882488 0.0
999.8140777458573 359.8477740385504 0.0
1000.8136530465414 359.81863268885206 0.0
1001.8132283472255 359.7894913391537 0.0
1002.8128036479096 359.76034998945534 0.0
1003.8123789485937 359.73120863975697 0.0
1004.8119542492778 359.7020672900586 0.0
1005.811529549962 359.67292594036024 0.0
1006.8111048506462 359.6437845906618 0.0
1007.8106801513303 359.61464324096346 0.0
1008.8102554520144 359.5855018912651 0.0
1009.8098307526985 359.55636054156673 0.0
1010.8094060533826 359.52721919186837 0.0
1011.8089813540668 359.49807784217 0.0
1012.8085566547509 359.46893649247164 0.0
1013.808131955435 359.4397951427733 0.0
1014.8077072561191 359.4106537930749 0.0
1015.8072825568032 359.38151244337655 0.0
1016.8068578574873 359.3523710936782 0.0
1017.8064331581716 359.3232297439798 0.0
1018.8060084588557 359.29408839428146 0.0
1019.8055837595398 359.2649470445831 0.0
1020.8051590602239 359.23580569488473 0.0
1021.804734360908 359.20666434518637 0.0
1022.8043096615921 359.177522995488 0.0
1023.8038849622762 359.14838164578964 0.0
1024.8034602629605 359.1192402960913 0.0
1025.8030355636445 359.0900989463929 0.0
1026.8026108643287 359.06095759669455 0.0
1027.8021861650127 359.03181624699613 0.0
1028.801761465697 359.00267489729777 0.0
1029.801336766381 358.9735335475994 0.0
1030.8009120670652 358.94439219790104 0.0
1031.8004873677492 358.9152508482027 0.0
1032.8000626684334 358.8861094985043 0.0
1033.7996379691174 358.85696814880595 0.0
1034.7992132698016 358.8278267991076 0.0
1035.7987885704858 358.7986854494092 0.0
1036.7983638711698 358.76954409971086 0.0
1037.797939171854 358.7404027500125 0.0
1038.797514472538 358.71126140031413 0.0
1039.7970897732223 358.68212005061577 0.0
1040.7966650739063 358.6529787009174 0.0
1041.7962403745905 358.62383735121904 0.0
1042.7958156752745 358.5946960015207 0.0
1043.7953909759588 358.5655546518223 0.0
1044.7949662766428 358.53641330212395 0.0
1045.794541577327 358.5072719524256 0.0
1046.7941168780112 358.4781306027272 0.0
1047.7936921786952 358.44898925302886 0.0
1048.7932674793794 358.4198479033305 0.0
1049.7928427800634 358.39070655363207 0.0
1050.7924180807477 358.3615652039337 0.0
1051.7919933814317 358.33242385423534 0.0
1052.791568682116 358.303282504537 0.0
1053.7911439828 358.2741411548386 0.0
1054.7907192834841 358.24499980514025 0.0
1055.7902945841684 358.2158584554419 0.0
1056.7898698848524 358.1867171057435 0.0
1057.7894451855364 358.15757575604516 0.0
1058.7890204862206 358.1284344063468 0.0
1059.7885957869048 358.09929305664843 0.0
1060.7881710875888 358.07015170695007 0.0
1061.787746388273 358.0410103572517 0.0
1062.787321688957 358.01186900755334 0.0
1063.7868969896413 357.982727657855 0.0
1064.7864722903253 357.9535863081566 0.0
1065.7860475910095 357.92444495845825 0.0
1066.7856228916935 357.8953036087599 0.0
1067.7851981923777 357.8661622590615 0.0
1068.784773493062 357.83702090936316 0.0
1069.784348793746 357.8078795596648 0.0
1070.7839240944302 357.7787382099664 0.0
1071.7834993951142 357.749596860268 0.0
1072.7830746957984 357.72045551056965 0.0
1073.7826499964824 357.6913141608713 0.0
1074.7822252971666 357.6621728111729 0.0
1075.7818005978506 357.63303146147456 0.0
1076.7813758985349 357.6038901117762 0.0
1077.7809511992189 357.57474876207783 0.0
1078.780526499903 357.54560741237947 0.0
1079.780101800587 357.5164660626811 0.0
1080.7796771012713 357.48732471298274 0.0
1081.7792524019555 357.4581833632844 0.0
1082.7788277026395 357.429042013586 0.0
1083.7784030033238 357.39990066388765 0.0
1084.7779783040078 357.3707593141893 0.0
1085.777553604692 357.3416179644909 0.0
1086.777128905376 357.31247661479256 0.0
1087.7767042060602 357.2833352650942 0.0
1088.7762795067442 357.25419391539583 0.0
1089.7758548074285 357.22505256569747 0.0
1090.7754301081127 357.1959112159991 0.0
1091.7750054087967 357.1667698663007 0.0
1092.774580709481 357.1376285166023 0.0
1093.774156010165 357.10848716690396 0.0
1094.7737313108491 357.0793458172056 0.0
1095.7733066115331 357.0502044675072 0.0
1096.7728819122174 357.02106311780886 0.0
1097.7724572129014 356.9919217681105 0.0
1098.7720325135856 356.96278041841214 0.0
1099.7716078142696 356.9336390687138 0.0
1100.7711831149538 356.9044977190154 0.0
1101.7707584156378 356.87535636931705 0.0
1102.770333716322 356.8462150196187 0.0
1103.7699090170063 356.8170736699203 0.0
1104.7694843176903 356.78793232022196 0.0
1105.7690596183745 356.7587909705236 0.0
1106.7686349190585 356.7296496208252 0.0
1107.7682102197427 356.70050827112686 0.0
1108.7677855204267 356.6713669214285 0.0
1109.767360821111 356.64222557173014 0.0
1110.766936121795 356.6130842220318 0.0
1111.7665114224792 356.5839428723334 0.0
1112.7660867231634 356.554801522635 0.0
1113.7656620238474 356.5256601729366 0.0
1114.7652373245317 356.49651882323826 0.0
1115.7648126252157 356.4673774735399 0.0
1116.7643879258999 356.43823612384153 0.0
1117.7639632265839 356.40909477414317 0.0
1118.763538527268 356.3799534244448 0.0
1119.763113827952 356.35081207474644 0.0
1120.7626891286363 356.3216707250481 0.0
1121.7622644293203 356.2925293753497 0.0
1122.7618397300046 356.26338802565135 0.0
1123.7614150306886 356.234246675953 0.0
1124.7609903313728 356.2051053262546 0.0
1125.760565632057 356.17596397655626 0.0
1126.760140932741 356.1468226268579 0.0
1127.7597162334253 356.11768127715953 0.0
1128.7592915341093 356.08853992746117 0.0
1129.7588668347935 356.0593985777628 0.0
1130.7584421354775 356.03025722806444 0.0
1131.7580174361617 356.0011158783661 0.0
1132.7575927368457 355.9719745286677 0.0
1133.75716803753 355.9428331789693 0.0
1134.7567433382142 355.91369182927093 0.0
1135.7563186388982 355.88455047957257 0.0
1136.7558939395822 355.8554091298742 0.0
1137.7554692402664 355.82626778017584 0.0
1138.7550445409506 355.7971264304775 0.0
1139.7546198416346 355.7679850807791 0.0
1140.7541951423188 355.73884373108075 0.0
1141.7537704430028 355.7097023813824 0.0
1142.753345743687 355.680561031684 0.0
1143.752921044371 355.65141968198566 0.0
1144.7524963450553 355.6222783322873 0.0
1145.7520716457393 355.59313698258893 0.0
1146.7516469464235 355.56399563289057 0.0
1147.7512222471078 355.5348542831922 0.0
1148.7507975477918 355.50571293349384 0.0
1149.750372848476 355.4765715837955 0.0
1150.74994814916 355.4474302340971 0.0
1151.7495234498442 355.41828888439875 0.0
1152.7490987505282 355.3891475347004 0.0
1153.7486740512124 355.360006185002 0.0
1154.7482493518964 355.3308648353036 0.0
1155.7478246525807 355.30172348560524 0.0
1156.7473999532647 355.2725821359069 0.0
1157.746975253949 355.2434407862085 0.0
1158.746550554633 355.21429943651015 0.0
1159.7461258553171 355.1851580868118 0.0
1160.7457011560014 355.1560167371134 0.0
1161.7452764566854 355.12687538741505 0.0
1162.7448517573696 355.0977340377167 0.0
1163.7444270580536 355.0685926880183 0.0
1164.7440023587378 355.03945133831996 0.0
1165.7435776594218 355.0103099886216 0.0
1166.743152960106 354.98116863892324 0.0
1167.74272826079 354.9520272892249 0.0
1168.7423035614743 354.9228859395265 0.0
1169.7418788621585 354.89374458982815 0.0
1170.7414541628425 354.8646032401298 0.0
1171.7410294635265 354.8354618904314 0.0
1172.7406047642107 354.80632054073305 0.0
1173.740180064895 354.7771791910347 0.0
1174.739755365579 354.7480378413363 0.0
1175.7393306662632 354.71889649163796 0.0
1176.7389059669472 354.68975514193954 0.0
1177.7384812676314 354.6606137922412 0.0
1178.7380565683156 354.6314724425428 0.0
1179.7376318689996 354.60233109284445 0.0
1180.7372071696836 354.5731897431461 0.0
1181.7367824703679 354.5440483934477 0.0
1182.736357771052 354.51490704374936 0.0
1183.735933071736 354.485765694051 0.0
1184.7355083724203 354.45662434435263 0.0
1185.7350836731043 354.42748299465427 0.0
1186.7346589737886 354.3983416449559 0.0
1187.7342342744726 354.36920029525754 0.0
1188.7338095751568 354.3400589455592 0.0
1189.7333848758408 354.3109175958608 0.0
1190.732960176525 354.28177624616245 0.0
1191.7325354772092 354.2526348964641 0.0
1192.7321107778932 354.2234935467657 0.0
1193.7316860785772 354.19435219706736 0.0
1194.7312613792615 354.165210847369 0.0
1195.7308366799457 354.13606949767063 0.0
1196.7304119806297 354.10692814797227 0.0
1197.729987281314 354.07778679827385 0.0
1198.729562581998 354.0486454485755 0.0
1199.7291378826822 354.0195040988771 0.0
1200.7287131833664 353.99036274917876 0.0
1201.7282884840504 353.9612213994804 0.0
1202.7278637847344 353.93208004978203 0.0
1203.7274390854186 353.90293870008367 0.0
1204.7270143861028 353.8737973503853 0.0
1205.7265896867868 353.84465600068694 0.0
1206.726164987471 353.8155146509886 0.0
1207.725740288155 353.7863733012902 0.0
1208.7253155888393 353.75723195159185 0.0
1209.7248908895233 353.7280906018935 0.0
1210.7244661902075 353.6989492521951 0.0
1211.7240414908915 353.66980790249676 0.0
1212.7236167915758 353.6406665527984 0.0
1213.72319209226 353.61152520310003 0.0
1214.722767392944 353.58238385340167 0.0
1215.722342693628 353.5532425037033 0.0
1216.7219179943122 353.52410115400494 0.0
1217.7214932949964 353.4949598043066 0.0
1218.7210685956804 353.4658184546082 0.0
1219.7206438963647 353.4366771049098 0.0
1220.7202191970487 353.4075357552114 0.0
1221.719794497733 353.37839440551306 0.0
1222.719369798417 353.3492530558147 0.0
1223.7189450991011 353.32011170611634 0.0
1224.7185203997851 353.290970356418 0.0
1225.7180957004693 353.2618290067196 0.0
1226.7176710011536 353.23268765702124 0.0
1227.7172463018376 353.2035463073229 0.0
1228.7168216025218 353.1744049576245 0.0
1229.7163969032058 353.14526360792615 0.0
1230.71597220389 353.1161222582278 0.0
1231.715547504574 353.0869809085294 0.0
1232.7151228052583 353.05783955883106 0.0
1233.7146981059423 353.0286982091327 0.0
1234.7142734066265 352.99955685943434 0.0
1235.7138487073107 352.970415509736 0.0
1236.7134240079947 352.9412741600376 0.0
1237.7129993086787 352.91213281033924 0.0
1238.712574609363 352.8829914606409 0.0
1239.7121499100472 352.8538501109425 0.0
1240.7117252107312 352.8247087612441 0.0
1241.7113005114154 352.79556741154573 0.0
1242.7108758120994 352.76642606184737 0.0
1243.7104511127836 352.737284712149 0.0
1244.7100264134676 352.70814336245064 0.0
1245.7096017141519 352.6790020127523 0.0
1246.7091770148359 352.6498606630539 0.0
1247.70875231552 352.62071931335555 0.0
1248.7083276162043 352.5915779636572 0.0
1249.7079029168883 352.5624366139588 0.0
1250.7074782175723 352.53329526426046 0.0
1251.7070535182565 352.5041539145621 0.0
1252.7066288189408 352.47501256486373 0.0
1253.7062041196248 352.44587121516537 0.0
1254.705779420309 352.416729865467 0.0
1255.705354720993 352.38758851576864 0.0
1256.7049300216772 352.3584471660703 0.0
1257.7045053223615 352.3293058163719 0.0
1258.7040806230455 352.30016446667355 0.0
1259.7036559237295 352.2710231169752 0.0
1260.7032312244137 352.2418817672768 0.0
1261.702806525098 352.2127404175784 0.0
1262.702381825782 352.18359906788004 0.0
1263.7019571264661 352.1544577181817 0.0
1264.7015324271501 352.1253163684833 0.0
1265.7011077278344 352.09617501878495 0.0
1266.7006830285184 352.0670336690866 0.0
1267.7002583292026 352.0378923193882 0.0
1268.6998336298866 352.00875096968986 0.0
