0.0 51.0 0.0
0.9511248018899605 51.308806753860374 0.0
1.902249603779921 51.617613507720755 0.0
2.8533744056698813 51.92642026158113 0.0
3.804499207559842 52.23522701544151 0.0
4.755624009449803 52.54403376930188 0.0
5.706748811339763 52.852840523162264 0.0
6.657873613229723 53.16164727702264 0.0
7.608998415119684 53.47045403088301 0.0
8.560123217009645 53.77926078474339 0.0
9.511248018899606 54.08806753860377 0.0
10.462372820789566 54.39687429246415 0.0
11.413497622679525 54.70568104632452 0.0
12.364622424569486 55.0144878001849 0.0
13.315747226459447 55.323294554045276 0.0
14.266872028349407 55.63210130790566 0.0
15.217996830239368 55.94090806176603 0.0
16.16912163212933 56.249714815626405 0.0
17.12024643401929 56.558521569486786 0.0
18.07137123590925 56.86732832334716 0.0
19.02249603779921 57.17613507720754 0.0
19.973620839689172 57.484941831067914 0.0
20.924745641579133 57.793748584928295 0.0
21.875870443469093 58.10255533878867 0.0
22.82699524535905 58.41136209264904 0.0
23.77812004724901 58.720168846509424 0.0
24.729244849138972 59.0289756003698 0.0
25.680369651028933 59.33778235423017 0.0
26.631494452918894 59.64658910809055 0.0
27.582619254808854 59.95539586195093 0.0
28.533744056698815 60.26420261581131 0.0
29.484868858588776 60.57300936967168 0.0
30.435993660478736 60.88181612353206 0.0
31.387118462368697 61.190622877392435 0.0
32.33824326425866 61.49942963125281 0.0
33.28936806614862 61.80823638511319 0.0
34.24049286803858 62.11704313897357 0.0
35.19161766992854 62.425849892833945 0.0
36.1427424718185 62.73465664669432 0.0
37.09386727370846 63.0434634005547 0.0
38.04499207559842 63.35227015441507 0.0
38.99611687748838 63.66107690827545 0.0
39.947241679378344 63.96988366213583 0.0
40.898366481268305 64.27869041599621 0.0
41.849491283158265 64.58749716985659 0.0
42.800616085048226 64.89630392371696 0.0
43.75174088693819 65.20511067757734 0.0
44.70286568882815 65.51391743143772 0.0
45.6539904907181 65.82272418529809 0.0
46.60511529260806 66.13153093915847 0.0
47.55624009449802 66.44033769301885 0.0
48.50736489638798 66.74914444687923 0.0
49.458489698277944 67.0579512007396 0.0
50.409614500167905 67.36675795459998 0.0
51.360739302057866 67.67556470846034 0.0
52.311864103947826 67.98437146232072 0.0
53.26298890583779 68.2931782161811 0.0
54.21411370772775 68.60198497004149 0.0
55.16523850961771 68.91079172390187 0.0
56.11636331150767 69.21959847776223 0.0
57.06748811339763 69.52840523162261 0.0
58.01861291528759 69.83721198548298 0.0
58.96973771717755 70.14601873934336 0.0
59.92086251906751 70.45482549320374 0.0
60.87198732095747 70.76363224706412 0.0
61.823112122847434 71.0724390009245 0.0
62.774236924737394 71.38124575478487 0.0
63.725361726627355 71.69005250864525 0.0
64.67648652851732 71.99885926250562 0.0
65.62761133040728 72.307666016366 0.0
66.57873613229724 72.61647277022638 0.0
67.5298609341872 72.92527952408676 0.0
68.48098573607716 73.23408627794714 0.0
69.43211053796712 73.54289303180751 0.0
70.38323533985708 73.85169978566789 0.0
71.33436014174704 74.16050653952826 0.0
72.285484943637 74.46931329338864 0.0
73.23660974552696 74.77812004724902 0.0
74.18773454741692 75.0869268011094 0.0
75.13885934930688 75.39573355496978 0.0
76.08998415119684 75.70454030883015 0.0
76.60906405119526 76.55926602940818 0.0
77.12814395119368 77.41399174998621 0.0
77.6472238511921 78.26871747056424 0.0
78.16630375119051 79.12344319114227 0.0
78.68538365118893 79.9781689117203 0.0
79.20446355118735 80.83289463229833 0.0
79.72354345118576 81.68762035287637 0.0
80.24262335118418 82.5423460734544 0.0
80.7617032511826 83.39707179403243 0.0
81.280783151181 84.25179751461046 0.0
81.79986305117941 85.10652323518849 0.0
82.31894295117783 85.96124895576652 0.0
82.83802285117625 86.81597467634455 0.0
83.35710275117466 87.67070039692258 0.0
83.87618265117308 88.52542611750061 0.0
84.3952625511715 89.38015183807865 0.0
84.91434245116992 90.23487755865668 0.0
85.43342235116833 91.08960327923471 0.0
85.95250225116675 91.94432899981274 0.0
86.47158215116517 92.79905472039077 0.0
86.99066205116358 93.6537804409688 0.0
87.509741951162 94.50850616154683 0.0
88.02882185116042 95.36323188212486 0.0
88.54790175115883 96.2179576027029 0.0
89.06698165115725 97.07268332328093 0.0
89.58606155115567 97.92740904385896 0.0
90.10514145115408 98.78213476443699 0.0
90.6242213511525 99.63686048501502 0.0
91.14330125115092 100.49158620559305 0.0
91.66238115114933 101.34631192617108 0.0
92.18146105114775 102.20103764674911 0.0
92.70054095114617 103.05576336732715 0.0
93.21962085114458 103.91048908790518 0.0
93.738700751143 104.76521480848321 0.0
94.2577806511414 105.61994052906124 0.0
94.77686055113982 106.47466624963927 0.0
95.29594045113824 107.3293919702173 0.0
95.81502035113665 108.18411769079532 0.0
96.33410025113507 109.03884341137336 0.0
96.85318015113349 109.89356913195138 0.0
97.3722600511319 110.74829485252943 0.0
97.89133995113032 111.60302057310744 0.0
98.41041985112874 112.45774629368549 0.0
98.92949975112715 113.3124720142635 0.0
99.44857965112557 114.16719773484155 0.0
99.96765955112399 115.02192345541957 0.0
100.4867394511224 115.87664917599761 0.0
101.00581935112082 116.73137489657563 0.0
101.52489925111924 117.58610061715368 0.0
102.04397915111765 118.44082633773169 0.0
102.56305905111606 119.29555205830974 0.0
103.08213895111447 120.15027777888776 0.0
103.60121885111289 121.0050034994658 0.0
104.1202987511113 121.85972922004382 0.0
104.63937865110972 122.71445494062186 0.0
105.15845855110814 123.56918066119988 0.0
105.67753845110656 124.42390638177793 0.0
106.19661835110497 125.27863210235594 0.0
106.71569825110339 126.13335782293399 0.0
107.2347781511018 126.988083543512 0.0
107.75385805110022 127.84280926409005 0.0
108.27293795109864 128.69753498466807 0.0
108.79201785109706 129.5522607052461 0.0
109.31109775109547 130.40698642582413 0.0
109.83017765109389 131.26171214640217 0.0
110.34925755109231 132.1164378669802 0.0
110.86833745109072 132.97116358755824 0.0
111.38741735108914 133.82588930813625 0.0
111.90649725108756 134.6806150287143 0.0
112.42557715108597 135.53534074929232 0.0
112.94465705108439 136.39006646987036 0.0
113.46373695108281 137.24479219044838 0.0
113.98281685108122 138.09951791102642 0.0
114.50189675107964 138.95424363160444 0.0
115.02097665107806 139.8089693521825 0.0
115.54005655107647 140.6636950727605 0.0
116.05913645107489 141.51842079333852 0.0
116.57821635107331 142.37314651391657 0.0
117.09729625107173 143.2278722344946 0.0
117.61637615107013 144.08259795507263 0.0
118.13545605106854 144.93732367565065 0.0
118.65453595106696 145.7920493962287 0.0
119.17361585106538 146.64677511680674 0.0
119.6926957510638 147.50150083738475 0.0
120.21177565106221 148.35622655796277 0.0
120.73085555106063 149.21095227854082 0.0
121.24993545105905 150.06567799911886 0.0
121.76901535105746 150.92040371969688 0.0
122.28809525105588 151.7751294402749 0.0
122.8071751510543 152.62985516085294 0.0
123.3262550510527 153.484580881431 0.0
123.84533495105111 154.339306602009 0.0
124.36441485104953 155.19403232258702 0.0
124.88349475104795 156.04875804316507 0.0
125.40257465104636 156.9034837637431 0.0
125.92165455104478 157.75820948432113 0.0
126.4407344510432 158.61293520489914 0.0
126.95981435104162 159.4676609254772 0.0
127.47889425104003 160.32238664605524 0.0
127.99797415103845 161.17711236663325 0.0
128.51705405103687 162.03183808721127 0.0
129.03613395103528 162.88656380778932 0.0
129.5552138510337 163.74128952836736 0.0
130.07429375103212 164.59601524894538 0.0
130.59337365103053 165.4507409695234 0.0
131.11245355102895 166.30546669010144 0.0
131.63153345102737 167.16019241067949 0.0
132.15061335102578 168.0149181312575 0.0
132.6696932510242 168.86964385183552 0.0
133.18877315102262 169.72436957241356 0.0
133.70785305102103 170.5790952929916 0.0
134.22693295101945 171.43382101356963 0.0
134.74601285101787 172.28854673414764 0.0
135.26509275101628 173.1432724547257 0.0
135.7841726510147 173.99799817530374 0.0
136.30325255101312 174.85272389588175 0.0
136.82233245101153 175.70744961645977 0.0
137.7060459702487 176.1754778377429 0.0
138.58975948948589 176.64350605902604 0.0
139.47347300872303 177.11153428030917 0.0
140.3571865279602 177.5795625015923 0.0
141.24090004719739 178.04759072287544 0.0
142.12461356643456 178.51561894415858 0.0
143.00832708567174 178.9836471654417 0.0
143.8920406049089 179.45167538672484 0.0
144.77575412414606 179.91970360800798 0.0
145.65946764338324 180.3877318292911 0.0
146.5431811626204 180.85576005057425 0.0
147.4268946818576 181.32378827185738 0.0
148.31060820109477 181.79181649314052 0.0
149.19432172033194 182.25984471442365 0.0
150.0780352395691 182.72787293570678 0.0
150.96174875880627 183.19590115698992 0.0
151.84546227804344 183.66392937827305 0.0
152.72917579728062 184.1319575995562 0.0
153.6128893165178 184.59998582083932 0.0
154.49660283575497 185.06801404212243 0.0
155.38031635499212 185.53604226340556 0.0
156.2640298742293 186.0040704846887 0.0
157.14774339346647 186.47209870597183 0.0
158.03145691270365 186.94012692725497 0.0
158.91517043194082 187.4081551485381 0.0
159.79888395117797 187.87618336982123 0.0
160.68259747041515 188.34421159110437 0.0
161.56631098965232 188.8122398123875 0.0
162.4500245088895 189.28026803367064 0.0
163.33373802812667 189.74829625495377 0.0
164.21745154736385 190.2163244762369 0.0
165.10116506660103 190.68435269752004 0.0
165.98487858583817 191.15238091880317 0.0
166.86859210507535 191.6204091400863 0.0
167.75230562431253 192.08843736136944 0.0
168.6360191435497 192.55646558265258 0.0
169.51973266278688 193.0244938039357 0.0
170.40344618202403 193.49252202521885 0.0
171.2871597012612 193.96055024650198 0.0
172.17087322049838 194.42857846778512 0.0
173.05458673973556 194.89660668906825 0.0
173.93830025897273 195.36463491035138 0.0
174.8220137782099 195.83266313163452 0.0
175.70572729744708 196.30069135291765 0.0
176.58944081668423 196.7687195742008 0.0
177.4731543359214 197.23674779548392 0.0
178.35686785515858 197.70477601676706 0.0
179.24058137439576 198.1728042380502 0.0
180.1242948936329 198.64083245933332 0.0
181.00800841287008 199.10886068061646 0.0
181.89172193210726 199.5768889018996 0.0
182.77543545134444 200.04491712318273 0.0
183.6591489705816 200.51294534446583 0.0
184.5428624898188 200.98097356574897 0.0
185.42657600905596 201.4490017870321 0.0
186.31028952829314 201.91703000831524 0.0
187.1940030475303 202.38505822959837 0.0
188.07771656676746 202.8530864508815 0.0
188.96143008600464 203.32111467216464 0.0
189.84514360524182 203.78914289344777 0.0
190.72885712447896 204.2571711147309 0.0
191.61257064371614 204.72519933601404 0.0
192.49628416295332 205.19322755729718 0.0
193.3799976821905 205.6612557785803 0.0
194.26371120142767 206.12928399986345 0.0
195.14742472066484 206.59731222114658 0.0
196.03113823990202 207.06534044242972 0.0
196.91485175913917 207.53336866371285 0.0
197.79856527837634 208.00139688499598 0.0
198.68227879761352 208.46942510627912 0.0
199.5659923168507 208.93745332756225 0.0
200.44970583608784 209.4054815488454 0.0
201.33341935532502 209.87350977012852 0.0
202.2171328745622 210.34153799141166 0.0
203.10084639379937 210.8095662126948 0.0
203.98455991303655 211.27759443397792 0.0
204.86827343227372 211.74562265526106 0.0
205.7519869515109 212.2136508765442 0.0
206.63570047074808 212.68167909782733 0.0
207.51941398998522 213.14970731911046 0.0
208.4031275092224 213.6177355403936 0.0
209.28684102845958 214.08576376167673 0.0
210.17055454769672 214.55379198295986 0.0
211.0542680669339 215.021820204243 0.0
211.93798158617108 215.48984842552613 0.0
212.82169510540825 215.95787664680927 0.0
213.70540862464543 216.4259048680924 0.0
214.5891221438826 216.89393308937554 0.0
215.47283566311978 217.36196131065867 0.0
216.35654918235696 217.8299895319418 0.0
217.24026270159413 218.29801775322494 0.0
218.12397622083128 218.76604597450807 0.0
219.00768974006846 219.2340741957912 0.0
219.89140325930563 219.70210241707434 0.0
220.77511677854278 220.17013063835748 0.0
221.65883029777996 220.6381588596406 0.0
222.54254381701713 221.10618708092372 0.0
223.4262573362543 221.57421530220685 0.0
224.30997085549149 222.04224352349 0.0
225.19368437472866 222.51027174477312 0.0
226.07739789396584 222.97829996605626 0.0
226.961111413203 223.4463281873394 0.0
227.8448249324402 223.91435640862252 0.0
228.72853845167734 224.38238462990566 0.0
229.6122519709145 224.8504128511888 0.0
230.4959654901517 225.31844107247193 0.0
231.37967900938884 225.78646929375506 0.0
232.263392528626 226.2544975150382 0.0
233.1471060478632 226.72252573632133 0.0
234.03081956710037 227.19055395760446 0.0
234.91453308633754 227.6585821788876 0.0
235.79824660557472 228.12661040017073 0.0
236.6819601248119 228.59463862145387 0.0
237.56567364404907 229.062666842737 0.0
238.44938716328622 229.53069506402014 0.0
239.3331006825234 229.99872328530327 0.0
240.21681420176057 230.4667515065864 0.0
241.10052772099772 230.93477972786954 0.0
241.9842412402349 231.40280794915267 0.0
242.86795475947207 231.8708361704358 0.0
243.75166827870925 232.33886439171894 0.0
244.63538179794642 232.80689261300208 0.0
245.62219406803973 232.64502370433425 0.0
246.609006338133 232.48315479566642 0.0
247.59581860822632 232.32128588699862 0.0
248.5826308783196 232.1594169783308 0.0
249.56944314841292 231.99754806966297 0.0
250.55625541850623 231.83567916099514 0.0
251.5430676885995 231.67381025232734 0.0
252.52987995869282 231.51194134365952 0.0
253.5166922287861 231.3500724349917 0.0
254.5035044988794 231.18820352632386 0.0
255.49031676897272 231.02633461765606 0.0
256.477129039066 230.86446570898823 0.0
257.4639413091593 230.7025968003204 0.0
258.4507535792526 230.54072789165258 0.0
259.4375658493459 230.37885898298478 0.0
260.4243781194392 230.21699007431695 0.0
261.4111903895325 230.05512116564913 0.0
262.3980026596258 229.8932522569813 0.0
263.3848149297191 229.7313833483135 0.0
264.3716271998124 229.56951443964567 0.0
265.3584394699057 229.40764553097785 0.0
266.34525173999896 229.24577662231002 0.0
267.33206401009227 229.08390771364222 0.0
268.3188762801856 228.9220388049744 0.0
269.3056885502789 228.76016989630656 0.0
270.2925008203722 228.59830098763874 0.0
271.2793130904655 228.43643207897094 0.0
272.26612536055876 228.2745631703031 0.0
273.25293763065207 228.11269426163528 0.0
274.2397499007454 227.95082535296746 0.0
275.2265621708387 227.78895644429966 0.0
276.21337444093194 227.62708753563183 0.0
277.20018671102525 227.465218626964 0.0
278.18699898111856 227.30334971829618 0.0
279.1738112512119 227.14148080962838 0.0
280.1606235213052 226.97961190096055 0.0
281.1474357913985 226.81774299229272 0.0
282.13424806149175 226.6558740836249 0.0
283.12106033158506 226.4940051749571 0.0
284.10787260167837 226.33213626628927 0.0
285.0946848717717 226.17026735762144 0.0
286.08149714186493 226.0083984489536 0.0
287.06830941195824 225.84652954028581 0.0
288.05512168205155 225.684660631618 0.0
289.04193395214486 225.52279172295016 0.0
290.02874622223817 225.36092281428233 0.0
291.0155584923315 225.19905390561453 0.0
292.00237076242473 225.0371849969467 0.0
292.98918303251804 224.87531608827888 0.0
293.97599530261135 224.71344717961105 0.0
294.96280757270466 224.55157827094325 0.0
295.9496198427979 224.38970936227543 0.0
296.9364321128912 224.2278404536076 0.0
297.92324438298454 224.06597154493977 0.0
298.91005665307785 223.90410263627197 0.0
299.89686892317116 223.74223372760414 0.0
300.8836811932644 223.58036481893632 0.0
301.8704934633577 223.4184959102685 0.0
302.857305733451 223.2566270016007 0.0
303.84411800354434 223.09475809293286 0.0
304.83093027363765 222.93288918426504 0.0
305.8177425437309 222.7710202755972 0.0
306.8045548138242 222.6091513669294 0.0
307.7913670839175 222.44728245826158 0.0
308.77817935401083 222.28541354959376 0.0
309.76499162410414 222.12354464092593 0.0
310.75180389419745 221.96167573225813 0.0
311.7386161642907 221.7998068235903 0.0
312.725428434384 221.63793791492247 0.0
313.7122407044773 221.47606900625465 0.0
314.6990529745706 221.31420009758685 0.0
315.6858652446639 221.15233118891902 0.0
316.6726775147572 220.9904622802512 0.0
317.6594897848505 220.82859337158337 0.0
318.6463020549438 220.66672446291557 0.0
319.6331143250371 220.50485555424774 0.0
320.6199265951304 220.3429866455799 0.0
321.6067388652237 220.18111773691209 0.0
322.593551135317 220.01924882824426 0.0
323.5803634054103 219.85737991957646 0.0
324.56717567550356 219.69551101090863 0.0
325.5539879455969 219.5336421022408 0.0
326.5408002156902 219.371773193573 0.0
327.5276124857835 219.20990428490518 0.0
328.5144247558768 219.04803537623735 0.0
329.5012370259701 218.88616646756952 0.0
330.48804929606337 218.7242975589017 0.0
331.4748615661567 218.5624286502339 0.0
332.46167383625 218.40055974156607 0.0
333.4484861063433 218.23869083289824 0.0
334.43529837643655 218.07682192423044 0.0
335.42211064652986 217.91495301556262 0.0
336.40892291662317 217.7530841068948 0.0
337.3957351867165 217.59121519822696 0.0
338.3825474568098 217.42934628955913 0.0
339.3693597269031 217.26747738089134 0.0
340.35617199699635 217.1056084722235 0.0
340.94090652603893 216.294383761958 0.0
341.52564105508145 215.48315905169247 0.0
342.11037558412403 214.67193434142695 0.0
342.6951101131666 213.86070963116143 0.0
343.2798446422092 213.0494849208959 0.0
343.8645791712517 212.23826021063041 0.0
344.4493137002943 211.4270355003649 0.0
345.03404822933686 210.61581079009937 0.0
345.6187827583794 209.80458607983385 0.0
346.20351728742196 208.99336136956833 0.0
346.78825181646454 208.1821366593028 0.0
347.3729863455071 207.3709119490373 0.0
347.95772087454964 206.55968723877177 0.0
348.5424554035922 205.74846252850625 0.0
349.1271899326348 204.93723781824073 0.0
349.71192446167737 204.1260131079752 0.0
350.2966589907199 203.31478839770972 0.0
350.88139351976247 202.5035636874442 0.0
351.46612804880505 201.69233897717868 0.0
352.05086257784757 200.88111426691316 0.0
352.63559710689015 200.06988955664764 0.0
353.2203316359327 199.25866484638212 0.0
353.8050661649753 198.4474401361166 0.0
354.3898006940178 197.63621542585108 0.0
354.9745352230604 196.82499071558556 0.0
355.559269752103 196.01376600532004 0.0
356.1440042811455 195.20254129505452 0.0
356.7287388101881 194.39131658478902 0.0
357.31347333923065 193.5800918745235 0.0
357.89820786827323 192.76886716425798 0.0
358.48294239731575 191.95764245399246 0.0
359.06767692635833 191.14641774372694 0.0
359.6524114554009 190.33519303346142 0.0
360.2371459844435 189.5239683231959 0.0
360.821880513486 188.71274361293038 0.0
361.4066150425286 187.90151890266486 0.0
361.99134957157116 187.09029419239934 0.0
362.5760841006137 186.27906948213382 0.0
363.16081862965626 185.46784477186833 0.0
363.74555315869884 184.65662006160278 0.0
364.3302876877414 183.8453953513373 0.0
364.91502221678394 183.03417064107177 0.0
365.4997567458265 182.22294593080625 0.0
366.0844912748691 181.41172122054073 0.0
366.6692258039116 180.6004965102752 0.0
367.2539603329542 179.7892718000097 0.0
367.83869486199677 178.97804708974417 0.0
368.42342939103935 178.16682237947865 0.0
369.00816392008187 177.35559766921313 0.0
369.59289844912445 176.54437295894763 0.0
370.177632978167 175.73314824868208 0.0
370.76236750720955 174.9219235384166 0.0
371.3471020362521 174.11069882815107 0.0
371.9318365652947 173.29947411788555 0.0
372.5165710943373 172.48824940762003 0.0
373.1013056233798 171.6770246973545 0.0
373.6860401524224 170.865799987089 0.0
374.27077468146496 170.05457527682347 0.0
374.85550921050753 169.24335056655795 0.0
375.44024373955006 168.43212585629243 0.0
376.02497826859263 167.62090114602694 0.0
376.6097127976352 166.8096764357614 0.0
377.19444732667773 165.9984517254959 0.0
377.7791818557203 165.18722701523038 0.0
378.3639163847629 164.37600230496486 0.0
378.94865091380547 163.56477759469934 0.0
379.533385442848 162.75355288443382 0.0
380.11811997189056 161.9423281741683 0.0
380.70285450093314 161.13110346390278 0.0
381.2875890299757 160.31987875363725 0.0
381.87232355901824 159.50865404337173 0.0
382.4570580880608 158.69742933310624 0.0
383.0417926171034 157.8862046228407 0.0
383.6265271461459 157.0749799125752 0.0
384.2112616751885 156.26375520230968 0.0
384.7959962042311 155.45253049204416 0.0
385.3807307332736 154.64130578177864 0.0
385.9654652623162 153.83008107151312 0.0
386.55019979135875 153.0188563612476 0.0
387.1349343204013 152.20763165098208 0.0
387.71966884944385 151.3964069407166 0.0
388.3044033784864 150.58518223045104 0.0
388.889137907529 149.77395752018555 0.0
389.4738724365716 148.96273280992 0.0
390.0586069656141 148.1515080996545 0.0
390.6433414946567 147.34028338938896 0.0
391.22807602369926 146.52905867912347 0.0
391.8128105527418 145.71783396885795 0.0
392.39754508178436 144.90660925859243 0.0
392.98227961082694 144.0953845483269 0.0
393.5670141398695 143.28415983806138 0.0
394.15174866891203 142.4729351277959 0.0
394.7364831979546 141.66171041753034 0.0
395.3212177269972 140.85048570726485 0.0
395.90595225603977 140.0392609969993 0.0
396.4906867850823 139.2280362867338 0.0
397.07542131412487 138.41681157646826 0.0
397.66015584316744 137.60558686620277 0.0
398.24489037220997 136.79436215593725 0.0
398.82962490125254 135.98313744567173 0.0
399.4143594302951 135.1719127354062 0.0
399.99909395933764 134.3606880251407 0.0
400.5838284883802 133.5494633148752 0.0
401.1685630174228 132.73823860460965 0.0
401.7532975464654 131.92701389434416 0.0
402.3380320755079 131.1157891840786 0.0
402.9227666045505 130.30456447381312 0.0
403.50750113359305 129.49333976354757 0.0
404.09223566263563 128.68211505328208 0.0
404.67697019167815 127.87089034301655 0.0
405.26170472072073 127.05966563275103 0.0
405.8464392497633 126.24844092248551 0.0
406.4311737788058 125.43721621222 0.0
407.0159083078484 124.62599150195447 0.0
407.600642836891 123.81476679168897 0.0
408.1853773659335 123.00354208142345 0.0
408.7701118949761 122.19231737115793 0.0
409.35484642401866 121.3810926608924 0.0
409.93958095306124 120.56986795062689 0.0
410.5243154821038 119.75864324036138 0.0
411.10905001114634 118.94741853009586 0.0
411.6937845401889 118.13619381983034 0.0
412.2785190692315 117.32496910956482 0.0
412.863253598274 116.5137443992993 0.0
413.4479881273166 115.70251968903378 0.0
414.03272265635917 114.89129497876827 0.0
414.6174571854017 114.08007026850275 0.0
415.20219171444427 113.26884555823723 0.0
415.78692624348685 112.45762084797171 0.0
416.3716607725294 111.64639613770619 0.0
416.956395301572 110.83517142744068 0.0
417.5411298306145 110.02394671717516 0.0
418.1258643596571 109.21272200690964 0.0
418.7105988886997 108.40149729664412 0.0
419.62483474904957 107.99631487889833 0.0
420.5390706093994 107.59113246115254 0.0
421.4533064697493 107.18595004340675 0.0
422.3675423300992 106.78076762566096 0.0
423.2817781904491 106.37558520791517 0.0
424.1960140507989 105.97040279016937 0.0
425.1102499111488 105.56522037242358 0.0
426.0244857714987 105.16003795467779 0.0
426.9387216318485 104.754855536932 0.0
427.8529574921984 104.3496731191862 0.0
428.7671933525483 103.94449070144042 0.0
429.6814292128982 103.53930828369462 0.0
430.595665073248 103.13412586594883 0.0
431.5099009335979 102.72894344820304 0.0
432.4241367939478 102.32376103045725 0.0
433.33837265429764 101.91857861271146 0.0
434.25260851464753 101.51339619496567 0.0
435.1668443749974 101.10821377721987 0.0
436.0810802353473 100.70303135947408 0.0
436.99531609569715 100.29784894172829 0.0
437.90955195604704 99.8926665239825 0.0
438.82378781639693 99.4874841062367 0.0
439.73802367674676 99.08230168849092 0.0
440.65225953709665 98.67711927074512 0.0
441.56649539744654 98.27193685299933 0.0
442.48073125779644 97.86675443525354 0.0
443.39496711814627 97.46157201750775 0.0
444.30920297849616 97.05638959976196 0.0
445.22343883884605 96.65120718201617 0.0
446.1376746991959 96.24602476427037 0.0
447.0519105595458 95.84084234652458 0.0
447.96614641989567 95.43565992877879 0.0
448.8803822802455 95.030477511033 0.0
449.7946181405954 94.6252950932872 0.0
450.7088540009453 94.22011267554142 0.0
451.62308986129517 93.81493025779562 0.0
452.537325721645 93.40974784004983 0.0
453.4515615819949 93.00456542230404 0.0
454.3657974423448 92.59938300455825 0.0
455.2800333026946 92.19420058681246 0.0
456.1942691630445 91.78901816906667 0.0
457.1085050233944 91.38383575132087 0.0
458.0227408837443 90.97865333357508 0.0
458.9369767440941 90.57347091582929 0.0
459.851212604444 90.1682884980835 0.0
460.7654484647939 89.7631060803377 0.0
461.67968432514374 89.35792366259192 0.0
462.59392018549363 88.95274124484612 0.0
463.5081560458435 88.54755882710033 0.0
464.4223919061934 88.14237640935454 0.0
465.33662776654324 87.73719399160875 0.0
466.25086362689314 87.33201157386296 0.0
467.22038926384 87.57700144978195 0.0
468.18991490078685 87.82199132570092 0.0
469.1594405377337 88.06698120161991 0.0
470.12896617468056 88.3119710775389 0.0
471.0984918116274 88.55696095345787 0.0
472.06801744857427 88.80195082937686 0.0
473.0375430855211 89.04694070529585 0.0
474.007068722468 89.29193058121483 0.0
474.97659435941483 89.53692045713382 0.0
475.9461199963617 89.7819103330528 0.0
476.91564563330854 90.02690020897178 0.0
477.88517127025534 90.27189008489077 0.0
478.8546969072022 90.51687996080976 0.0
479.82422254414905 90.76186983672874 0.0
480.7937481810959 91.00685971264772 0.0
481.76327381804276 91.25184958856671 0.0
482.7327994549896 91.49683946448569 0.0
483.7023250919365 91.74182934040468 0.0
484.6718507288833 91.98681921632367 0.0
485.6413763658302 92.23180909224264 0.0
486.61090200277704 92.47679896816163 0.0
487.5804276397239 92.72178884408062 0.0
488.54995327667075 92.9667787199996 0.0
489.5194789136176 93.21176859591858 0.0
490.48900455056446 93.45675847183757 0.0
491.4585301875113 93.70174834775655 0.0
492.42805582445817 93.94673822367554 0.0
493.397581461405 94.19172809959453 0.0
494.3671070983519 94.4367179755135 0.0
495.33663273529874 94.68170785143249 0.0
496.3061583722456 94.92669772735148 0.0
497.27568400919245 95.17168760327046 0.0
498.2452096461393 95.41667747918945 0.0
499.21473528308616 95.66166735510843 0.0
500.184260920033 95.90665723102741 0.0
501.15378655697987 96.1516471069464 0.0
502.12331219392667 96.39663698286539 0.0
503.0928378308735 96.64162685878436 0.0
504.0623634678204 96.88661673470335 0.0
505.03188910476723 97.13160661062233 0.0
506.0014147417141 97.37659648654132 0.0
506.97094037866094 97.6215863624603 0.0
507.9404660156078 97.86657623837928 0.0
508.90999165255465 98.11156611429827 0.0
509.8795172895015 98.35655599021726 0.0
510.84904292644836 98.60154586613623 0.0
511.8185685633952 98.84653574205522 0.0
512.7880942003421 99.09152561797421 0.0
513.7576198372889 99.33651549389319 0.0
514.7271454742357 99.58150536981218 0.0
515.6966711111826 99.82649524573117 0.0
516.6661967481294 100.07148512165014 0.0
517.6357223850763 100.31647499756913 0.0
518.6052480220231 100.56146487348812 0.0
519.57477365897 100.8064547494071 0.0
520.5442992959169 101.05144462532608 0.0
521.5138249328637 101.29643450124507 0.0
522.4833505698106 101.54142437716405 0.0
523.4528762067574 101.78641425308304 0.0
524.4224018437043 102.03140412900203 0.0
525.3919274806511 102.276394004921 0.0
526.361453117598 102.52138388083999 0.0
527.3309787545448 102.76637375675898 0.0
528.3005043914917 103.01136363267796 0.0
529.2700300284386 103.25635350859694 0.0
530.2395556653854 103.50134338451593 0.0
531.2090813023323 103.74633326043491 0.0
532.1786069392791 103.9913231363539 0.0
533.148132576226 104.23631301227289 0.0
534.1176582131728 104.48130288819186 0.0
535.0871838501197 104.72629276411085 0.0
536.0567094870665 104.97128264002984 0.0
537.0262351240134 105.21627251594882 0.0
537.9957607609603 105.4612623918678 0.0
538.9652863979071 105.7062522677868 0.0
539.934812034854 105.95124214370577 0.0
540.9043376718008 106.19623201962476 0.0
541.8738633087477 106.44122189554375 0.0
542.8433889456945 106.68621177146272 0.0
543.8129145826414 106.93120164738171 0.0
544.7824402195882 107.1761915233007 0.0
545.7519658565351 107.42118139921968 0.0
546.721491493482 107.66617127513867 0.0
547.6910171304288 107.91116115105766 0.0
548.6605427673757 108.15615102697663 0.0
549.6300684043225 108.40114090289562 0.0
550.5995940412694 108.64613077881461 0.0
551.5691196782162 108.89112065473358 0.0
552.429834996322 109.4002072300605 0.0
553.2905503144277 109.90929380538742 0.0
554.1512656325335 110.41838038071432 0.0
555.0119809506393 110.92746695604124 0.0
555.872696268745 111.43655353136816 0.0
556.7334115868508 111.94564010669508 0.0
557.5941269049566 112.454726682022 0.0
558.4548422230623 112.96381325734892 0.0
559.3155575411681 113.47289983267582 0.0
560.1762728592739 113.98198640800274 0.0
561.0369881773796 114.49107298332966 0.0
561.8977034954854 115.00015955865658 0.0
562.7584188135912 115.5092461339835 0.0
563.6191341316969 116.01833270931041 0.0
564.4798494498027 116.52741928463732 0.0
565.3405647679085 117.03650585996424 0.0
566.2012800860143 117.54559243529116 0.0
567.06199540412 118.05467901061807 0.0
567.9227107222258 118.56376558594499 0.0
568.7834260403316 119.0728521612719 0.0
569.6441413584373 119.58193873659881 0.0
570.5048566765431 120.09102531192573 0.0
571.3655719946489 120.60011188725265 0.0
572.2262873127546 121.10919846257957 0.0
573.0870026308604 121.61828503790649 0.0
573.9477179489662 122.12737161323341 0.0
574.8084332670719 122.63645818856031 0.0
575.6691485851777 123.14554476388723 0.0
576.5298639032835 123.65463133921415 0.0
577.3905792213892 124.16371791454107 0.0
578.251294539495 124.67280448986799 0.0
579.1120098576008 125.18189106519489 0.0
579.9727251757065 125.69097764052181 0.0
580.8334404938123 126.20006421584873 0.0
581.6941558119181 126.70915079117565 0.0
582.5548711300238 127.21823736650256 0.0
583.4155864481296 127.72732394182948 0.0
584.2763017662354 128.2364105171564 0.0
585.1370170843411 128.7454970924833 0.0
585.9977324024469 129.2545836678102 0.0
586.8584477205527 129.76367024313714 0.0
587.7191630386585 130.27275681846405 0.0
588.5798783567642 130.78184339379098 0.0
589.44059367487 131.29092996911788 0.0
590.3013089929758 131.80001654444482 0.0
591.1620243110815 132.30910311977172 0.0
592.0227396291873 132.81818969509862 0.0
592.8834549472931 133.32727627042556 0.0
593.7441702653988 133.83636284575246 0.0
594.6048855835046 134.3454494210794 0.0
595.4656009016104 134.8545359964063 0.0
596.3263162197161 135.36362257173323 0.0
597.1870315378219 135.87270914706014 0.0
598.0477468559277 136.38179572238704 0.0
598.9084621740334 136.89088229771397 0.0
599.7691774921392 137.39996887304088 0.0
600.629892810245 137.9090554483678 0.0
601.4906081283507 138.4181420236947 0.0
602.3513234464565 138.92722859902162 0.0
603.2120387645623 139.43631517434855 0.0
604.072754082668 139.94540174967545 0.0
604.9334694007738 140.4544883250024 0.0
605.7941847188796 140.9635749003293 0.0
606.6549000369853 141.4726614756562 0.0
607.5156153550911 141.98174805098313 0.0
608.3763306731969 142.49083462631003 0.0
609.2370459913027 142.99992120163697 0.0
610.0977613094084 143.50900777696387 0.0
610.9584766275142 144.0180943522908 0.0
611.8191919456199 144.5271809276177 0.0
612.6799072637257 145.0362675029446 0.0
613.5406225818315 145.54535407827154 0.0
614.4013378999373 146.05444065359845 0.0
615.262053218043 146.56352722892538 0.0
615.3595182991468 147.55876617408651 0.0
615.4569833802506 148.55400511924762 0.0
615.5544484613545 149.54924406440875 0.0
615.6519135424583 150.5444830095699 0.0
615.749378623562 151.539721954731 0.0
615.8468437046658 152.53496089989213 0.0
615.9443087857696 153.53019984505326 0.0
616.0417738668735 154.52543879021437 0.0
616.1392389479773 155.5206777353755 0.0
616.2367040290811 156.51591668053663 0.0
616.3341691101849 157.51115562569774 0.0
616.4316341912887 158.50639457085887 0.0
616.5290992723926 159.50163351601998 0.0
616.6265643534964 160.4968724611811 0.0
616.7240294346002 161.49211140634225 0.0
616.821494515704 162.48735035150335 0.0
616.9189595968078 163.4825892966645 0.0
617.0164246779117 164.47782824182562 0.0
617.1138897590155 165.47306718698673 0.0
617.2113548401193 166.46830613214786 0.0
617.3088199212231 167.463545077309 0.0
617.4062850023269 168.4587840224701 0.0
617.5037500834308 169.45402296763123 0.0
617.6012151645346 170.44926191279237 0.0
617.6986802456383 171.44450085795347 0.0
617.7961453267421 172.4397398031146 0.0
617.893610407846 173.43497874827574 0.0
617.9910754889498 174.43021769343684 0.0
618.0885405700536 175.42545663859798 0.0
618.1860056511574 176.4206955837591 0.0
618.2834707322612 177.41593452892022 0.0
618.3809358133651 178.41117347408135 0.0
618.4784008944689 179.40641241924249 0.0
618.5758659755727 180.4016513644036 0.0
618.6733310566765 181.39689030956472 0.0
618.7707961377803 182.39212925472583 0.0
618.8682612188842 183.38736819988696 0.0
618.965726299988 184.3826071450481 0.0
619.0631913810918 185.37784609020923 0.0
619.1606564621956 186.37308503537034 0.0
619.2581215432994 187.36832398053147 0.0
619.3555866244033 188.36356292569258 0.0
619.453051705507 189.3588018708537 0.0
619.5505167866108 190.35404081601484 0.0
619.6479818677146 191.34927976117595 0.0
619.7454469488184 192.34451870633708 0.0
619.8429120299223 193.33975765149822 0.0
619.9403771110261 194.33499659665932 0.0
620.0378421921299 195.33023554182046 0.0
620.1353072732337 196.3254744869816 0.0
620.2327723543375 197.3207134321427 0.0
620.3302374354414 198.31595237730383 0.0
620.4277025165452 199.31119132246494 0.0
620.525167597649 200.30643026762607 0.0
620.6226326787528 201.3016692127872 0.0
620.7200977598566 202.29690815794834 0.0
620.8175628409605 203.29214710310944 0.0
620.9150279220643 204.28738604827058 0.0
621.0124930031681 205.28262499343168 0.0
621.1099580842719 206.27786393859282 0.0
621.2074231653756 207.27310288375395 0.0
621.3048882464795 208.26834182891508 0.0
621.4023533275833 209.2635807740762 0.0
621.4998184086871 210.25881971923732 0.0
621.5972834897909 211.25405866439843 0.0
621.6947485708947 212.24929760955956 0.0
621.7922136519986 213.2445365547207 0.0
621.8896787331024 214.23977549988183 0.0
621.9871438142062 215.23501444504294 0.0
622.08460889531 216.23025339020404 0.0
622.1820739764138 217.22549233536517 0.0
622.2795390575177 218.2207312805263 0.0
622.3770041386215 219.21597022568744 0.0
622.4744692197253 220.21120917084858 0.0
622.5719343008291 221.20644811600968 0.0
622.6693993819329 222.2016870611708 0.0
622.7668644630368 223.19692600633192 0.0
622.8643295441406 224.19216495149306 0.0
622.9617946252444 225.1874038966542 0.0
623.0592597063481 226.1826428418153 0.0
623.156724787452 227.17788178697643 0.0
623.2541898685558 228.17312073213753 0.0
623.3516549496596 229.16835967729867 0.0
623.4491200307634 230.1635986224598 0.0
623.5465851118672 231.15883756762094 0.0
623.6440501929711 232.15407651278204 0.0
623.7415152740749 233.14931545794317 0.0
623.8389803551787 234.14455440310428 0.0
623.9364454362825 235.1397933482654 0.0
624.0339105173863 236.13503229342655 0.0
624.1313755984902 237.13027123858768 0.0
624.228840679594 238.1255101837488 0.0
624.3263057606978 239.1207491289099 0.0
624.4237708418016 240.11598807407103 0.0
624.5212359229054 241.11122701923216 0.0
624.6187010040093 242.1064659643933 0.0
624.7161660851131 243.10170490955443 0.0
624.8136311662169 244.09694385471553 0.0
624.9110962473206 245.09218279987664 0.0
624.6046862623585 246.04408243802948 1.0
624.2982762773964 246.99598207618232 1.0
623.9918662924342 247.94788171433515 1.0
623.6854563074721 248.899781352488 1.0
623.37904632251 249.85168099064083 1.0
623.0726363375479 250.8035806287937 1.0
622.7662263525857 251.75548026694653 1.0
622.4598163676236 252.70737990509937 1.0
622.1534063826615 253.6592795432522 1.0
621.8469963976994 254.61117918140505 1.0
621.5405864127373 255.5630788195579 1.0
621.2341764277751 256.51497845771075 1.0
620.927766442813 257.4668780958636 1.0
620.6213564578509 258.41877773401643 1.0
620.3149464728888 259.37067737216927 1.0
620.0085364879266 260.3225770103221 1.0
619.7021265029645 261.27447664847494 1.0
619.3957165180024 262.2263762866278 1.0
619.0893065330403 263.1782759247806 1.0
618.7828965480782 264.13017556293346 1.0
618.4764865631159 265.0820752010863 1.0
618.1700765781538 266.03397483923914 1.0
617.8636665931917 266.985874477392 1.0
617.5572566082296 267.9377741155448 1.0
617.2508466232675 268.88967375369765 1.0
616.9444366383053 269.8415733918505 1.0
616.6380266533432 270.7934730300033 1.0
616.3316166683811 271.74537266815616 1.0
616.025206683419 272.697272306309 1.0
615.7187966984568 273.64917194446184 1.0
615.4123867134947 274.6010715826147 1.0
615.1059767285326 275.5529712207675 1.0
614.7995667435705 276.5048708589204 1.0
614.4931567586084 277.45677049707325 1.0
614.1867467736462 278.4086701352261 1.0
613.8803367886841 279.3605697733789 1.0
613.573926803722 280.31246941153177 1.0
613.2675168187599 281.2643690496846 1.0
612.9611068337977 282.21626868783744 1.0
612.6546968488356 283.1681683259903 1.0
612.3482868638735 284.1200679641431 1.0
612.0418768789114 285.07196760229596 1.0
611.7354668939493 286.0238672404488 1.0
611.429056908987 286.97576687860163 1.0
611.1226469240249 287.92766651675447 1.0
610.8162369390628 288.8795661549073 1.0
610.5098269541007 289.83146579306015 1.0
610.2034169691385 290.783365431213 1.0
609.8970069841764 291.7352650693658 1.0
609.5905969992143 292.68716470751866 1.0
609.2841870142522 293.6390643456715 1.0
608.9777770292901 294.5909639838244 1.0
608.6713670443279 295.5428636219772 1.0
608.3649570593658 296.49476326013007 1.0
608.0585470744037 297.4466628982829 1.0
607.7521370894416 298.39856253643575 1.0
607.4457271044794 299.3504621745886 1.0
607.1393171195173 300.3023618127414 1.0
606.8329071345552 301.25426145089426 1.0
606.5264971495931 302.2061610890471 1.0
606.220087164631 303.15806072719994 1.0
605.9136771796688 304.1099603653528 1.0
605.6072671947067 305.0618600035056 1.0
605.3008572097445 306.01375964165845 1.0
604.9944472247824 306.9656592798113 1.0
604.6880372398202 307.91755891796413 1.0
604.3816272548581 308.86945855611697 1.0
604.075217269896 309.8213581942698 1.0
603.7688072849339 310.77325783242264 1.0
603.4623972999718 311.7251574705755 1.0
603.1559873150096 312.6770571087283 1.0
602.8495773300475 313.62895674688116 1.0
602.5431673450854 314.58085638503405 1.0
602.2367573601233 315.53275602318683 1.0
601.9303473751612 316.48465566133973 1.0
601.623937390199 317.4365552994925 1.0
601.3175274052369 318.3884549376454 1.0
601.0111174202748 319.34035457579824 1.0
600.7047074353127 320.2922542139511 1.0
600.3982974503505 321.2441538521039 1.0
600.0918874653884 322.19605349025676 1.0
599.7854774804263 323.1479531284096 1.0
599.4790674954642 324.09985276656244 1.0
599.1726575105021 325.0517524047153 1.0
598.8662475255398 326.0036520428681 1.0
598.5598375405777 326.95555168102095 1.0
598.2534275556156 327.9074513191738 1.0
597.9470175706535 328.8593509573266 1.0
597.6406075856913 329.81125059547946 1.0
597.3341976007292 330.7631502336323 1.0
597.0277876157671 331.71504987178514 1.0
596.721377630805 332.666949509938 1.0
596.4149676458429 333.6188491480908 1.0
596.1085576608807 334.5707487862437 1.0
595.8021476759186 335.5226484243965 1.0
595.4957376909565 336.4745480625494 1.0
595.1893277059944 337.42644770070217 1.0
594.8829177210322 338.37834733885506 1.0
594.5765077360701 339.3302469770079 1.0
594.270097751108 340.28214661516074 1.0
593.9636877661459 341.2340462533136 1.0
593.6572777811838 342.1859458914664 1.0
593.3508677962216 343.13784552961926 1.0
593.0444578112595 344.0897451677721 1.0
592.7380478262974 345.04164480592493 1.0
592.4316378413353 345.99354444407777 1.0
592.1252278563732 346.9454440822306 1.0
591.8188178714109 347.89734372038345 1.0
591.5124078864488 348.8492433585363 1.0
591.2059979014867 349.8011429966891 1.0
590.8995879165246 350.75304263484196 1.0
590.5931779315624 351.7049422729948 1.0
590.2867679466003 352.65684191114764 1.0
589.9803579616382 353.6087415493005 1.0
589.6739479766761 354.56064118745337 1.0
589.367537991714 355.51254082560615 1.0
589.0611280067518 356.46444046375905 1.0
588.7547180217897 357.4163401019118 1.0
588.4483080368276 358.3682397400647 1.0
588.1418980518655 359.3201393782175 1.0
587.8354880669033 360.2720390163704 1.0
587.5290780819412 361.22393865452324 1.0
587.2226680969791 362.1758382926761 1.0
586.916258112017 363.1277379308289 1.0
586.6098481270549 364.07963756898175 1.0
586.3034381420927 365.0315372071346 1.0
585.9970281571306 365.98343684528743 1.0
585.6906181721685 366.93533648344027 1.0
585.3842081872064 367.8872361215931 1.0
585.0777982022441 368.83913575974594 1.0
584.771388217282 369.7910353978988 1.0
584.4649782323199 370.7429350360516 1.0
584.1585682473578 371.69483467420446 1.0
583.8521582623957 372.6467343123573 1.0
583.5457482774335 373.59863395051013 1.0
583.2393382924714 374.55053358866303 1.0
582.9329283075093 375.5024332268158 1.0
582.6265183225472 376.4543328649687 1.0
582.320108337585 377.4062325031215 1.0
582.0136983526229 378.3581321412744 1.0
581.7072883676608 379.31003177942716 1.0
581.4008783826987 380.26193141758006 1.0
581.0944683977366 381.21383105573284 1.0
580.7880584127744 382.16573069388573 1.0
580.4816484278123 383.1176303320386 1.0
580.1752384428502 384.0695299701914 1.0
579.8688284578881 385.02142960834425 1.0
579.5624184729259 385.9733292464971 1.0
579.2560084879638 386.9252288846499 1.0
578.9495985030017 387.87712852280276 1.0
578.6431885180396 388.8290281609556 1.0
578.3367785330774 389.78092779910844 1.0
578.0303685481152 390.7328274372613 1.0
577.7239585631531 391.6847270754141 1.0
577.417548578191 392.636626713567 1.0
577.1111385932289 393.5885263517198 1.0
576.8047286082667 394.5404259898727 1.0
576.4983186233046 395.49232562802547 1.0
576.1919086383425 396.44422526617836 1.0
575.8854986533804 397.39612490433115 1.0
575.5790886684183 398.34802454248404 1.0
575.2726786834561 399.2999241806368 1.0
574.966268698494 400.2518238187897 1.0
574.6598587135319 401.2037234569425 1.0
574.3534487285698 402.1556230950954 1.0
574.0470387436076 403.10752273324823 1.0
573.7406287586455 404.05942237140107 1.0
573.4342187736834 405.0113220095539 1.0
573.1278087887213 405.96322164770675 1.0
572.8213988037592 406.9151212858596 1.0
572.514988818797 407.8670209240124 1.0
572.2085788338348 408.81892056216526 1.0
571.9021688488727 409.7708202003181 1.0
571.5957588639106 410.72271983847094 1.0
571.2893488789485 411.6746194766238 1.0
570.9829388939863 412.6265191147766 1.0
570.6765289090242 413.57841875292945 1.0
570.3701189240621 414.53031839108235 1.0
570.0637089391 415.4822180292351 1.0
569.7572989541378 416.434117667388 1.0
569.4508889691757 417.3860173055408 1.0
569.1444789842136 418.3379169436937 1.0
568.8380689992515 419.2898165818465 1.0
568.5316590142894 420.2417162199994 1.0
568.2252490293272 421.19361585815216 1.0
567.9188390443651 422.14551549630505 1.0
567.612429059403 423.0974151344579 1.0
567.3060190744409 424.0493147726107 1.0
567.7847990516698 424.92724969810615 1.0
568.2635790288988 425.8051846236016 1.0
568.7423590061277 426.683119549097 1.0
569.2211389833567 427.5610544745924 1.0
569.6999189605856 428.43898940008785 1.0
570.1786989378146 429.3169243255832 1.0
570.6574789150435 430.19485925107864 1.0
571.1362588922725 431.07279417657406 1.0
571.6150388695014 431.9507291020695 1.0
572.0938188467304 432.8286640275649 1.0
572.5725988239593 433.70659895306034 1.0
573.0513788011883 434.58453387855576 1.0
573.5301587784172 435.4624688040512 1.0
574.0089387556462 436.3404037295466 1.0
574.4877187328751 437.218338655042 1.0
574.9664987101041 438.0962735805374 1.0
575.445278687333 438.9742085060328 1.0
575.924058664562 439.85214343152825 1.0
576.4028386417909 440.7300783570237 1.0
576.88161861902 441.6080132825191 1.0
577.3603985962488 442.4859482080145 1.0
577.8391785734777 443.36388313350994 1.0
578.3179585507067 444.24181805900537 1.0
578.7967385279356 445.1197529845008 1.0
579.2755185051647 445.9976879099962 1.0
579.7542984823936 446.8756228354916 1.0
580.2330784596226 447.753557760987 1.0
580.7118584368515 448.63149268648243 1.0
581.1906384140805 449.50942761197786 1.0
581.6694183913094 450.3873625374733 1.0
582.1481983685384 451.2652974629687 1.0
582.6269783457673 452.1432323884641 1.0
583.1057583229963 453.02116731395955 1.0
583.5845383002252 453.899102239455 1.0
584.0633182774542 454.77703716495034 1.0
584.5420982546831 455.65497209044577 1.0
585.0208782319121 456.5329070159412 1.0
585.499658209141 457.4108419414366 1.0
585.9784381863699 458.28877686693204 1.0
586.4572181635989 459.16671179242746 1.0
586.9359981408278 460.0446467179229 1.0
587.4147781180568 460.9225816434183 1.0
587.8935580952857 461.80051656891374 1.0
588.3723380725147 462.67845149440916 1.0
588.8511180497436 463.5563864199046 1.0
589.3298980269726 464.43432134539995 1.0
589.8086780042015 465.3122562708954 1.0
590.2874579814305 466.1901911963908 1.0
590.7662379586594 467.0681261218862 1.0
591.2450179358884 467.94606104738165 1.0
591.7237979131173 468.82399597287707 1.0
592.2025778903463 469.7019308983725 1.0
592.6813578675752 470.5798658238679 1.0
593.1601378448042 471.45780074936334 1.0
593.6389178220331 472.3357356748587 1.0
594.1176977992621 473.21367060035413 1.0
594.596477776491 474.09160552584956 1.0
595.07525775372 474.969540451345 1.0
595.554037730949 475.8474753768404 1.0
596.0328177081778 476.72541030233583 1.0
596.5115976854069 477.60334522783126 1.0
596.9903776626358 478.4812801533267 1.0
597.4691576398648 479.3592150788221 1.0
597.9479376170937 480.2371500043175 1.0
598.4267175943227 481.11508492981295 1.0
598.9054975715516 481.9930198553083 1.0
599.3842775487806 482.87095478080374 1.0
599.8630575260095 483.74888970629917 1.0
600.8620606833681 483.79352928053027 0.0
601.8610638407267 483.83816885476136 0.0
602.8600669980852 483.88280842899246 0.0
603.8590701554439 483.92744800322356 0.0
604.8580733128025 483.9720875774546 0.0
605.8570764701611 484.0167271516857 0.0
606.8560796275198 484.0613667259168 0.0
607.8550827848783 484.1060063001479 0.0
608.8540859422369 484.150645874379 0.0
609.8530890995955 484.1952854486101 0.0
610.8520922569542 484.2399250228412 0.0
611.8510954143128 484.2845645970723 0.0
612.8500985716714 484.32920417130333 0.0
613.8491017290299 484.37384374553443 0.0
614.8481048863886 484.4184833197655 0.0
615.8471080437472 484.4631228939966 0.0
616.8461112011058 484.5077624682277 0.0
617.8451143584645 484.5524020424588 0.0
618.844117515823 484.5970416166899 0.0
619.8431206731816 484.641681190921 0.0
620.8421238305402 484.68632076515206 0.0
621.8411269878989 484.73096033938316 0.0
622.8401301452575 484.77559991361426 0.0
623.839133302616 484.82023948784536 0.0
624.8381364599746 484.86487906207645 0.0
625.8371396173333 484.90951863630755 0.0
626.8361427746919 484.95415821053865 0.0
627.8351459320505 484.99879778476975 0.0
628.834149089409 485.04343735900085 0.0
629.8331522467677 485.0880769332319 0.0
630.8321554041263 485.132716507463 0.0
631.8311585614849 485.1773560816941 0.0
632.8301617188436 485.2219956559252 0.0
633.8291648762022 485.2666352301563 0.0
634.8281680335607 485.3112748043874 0.0
635.8271711909193 485.3559143786185 0.0
636.826174348278 485.4005539528496 0.0
637.8251775056366 485.4451935270806 0.0
638.8241806629952 485.4898331013117 0.0
639.8231838203537 485.5344726755428 0.0
640.8221869777124 485.5791122497739 0.0
641.821190135071 485.623751824005 0.0
642.8201932924296 485.6683913982361 0.0
643.8191964497883 485.7130309724672 0.0
644.8181996071468 485.7576705466983 0.0
645.8172027645054 485.80231012092935 0.0
646.816205921864 485.84694969516045 0.0
647.8152090792227 485.89158926939155 0.0
648.8142122365813 485.93622884362264 0.0
649.8132153939398 485.98086841785374 0.0
650.8122185512984 486.02550799208484 0.0
651.8112217086571 486.07014756631594 0.0
652.8102248660157 486.11478714054704 0.0
653.8092280233743 486.1594267147781 0.0
654.808231180733 486.2040662890092 0.0
655.8072343380915 486.2487058632403 0.0
656.8062374954501 486.2933454374714 0.0
657.8052406528087 486.3379850117025 0.0
658.8042438101673 486.38262458593357 0.0
659.8032469675259 486.42726416016467 0.0
660.8022501248845 486.47190373439577 0.0
661.8012532822431 486.51654330862686 0.0
662.8002564396018 486.5611828828579 0.0
663.7992595969604 486.605822457089 0.0
664.798262754319 486.6504620313201 0.0
665.7972659116775 486.6951016055512 0.0
666.7962690690362 486.7397411797823 0.0
667.7952722263948 486.7843807540134 0.0
668.7942753837534 486.8290203282445 0.0
669.793278541112 486.8736599024756 0.0
670.7922816984706 486.91829947670664 0.0
671.7912848558292 486.96293905093773 0.0
672.7902880131878 487.00757862516883 0.0
673.7892911705464 487.05221819939993 0.0
674.7882943279051 487.09685777363103 0.0
675.7872974852637 487.1414973478621 0.0
676.7863006426222 487.1861369220932 0.0
677.7853037999809 487.2307764963243 0.0
678.7843069573395 487.27541607055537 0.0
679.7833101146981 487.32005564478646 0.0
680.7823132720566 487.36469521901756 0.0
681.7813164294153 487.40933479324866 0.0
682.7803195867739 487.45397436747976 0.0
683.7793227441325 487.49861394171086 0.0
684.7783259014911 487.54325351594196 0.0
685.7773290588498 487.58789309017305 0.0
686.7763322162083 487.63253266440415 0.0
687.7753353735669 487.6771722386352 0.0
688.7743385309255 487.7218118128663 0.0
689.7733416882842 487.7664513870974 0.0
690.7723448456428 487.8110909613285 0.0
691.7713480030013 487.8557305355596 0.0
692.77035116036 487.9003701097907 0.0
693.7693543177186 487.9450096840218 0.0
694.7683574750772 487.9896492582529 0.0
695.709525091087 487.65170914732437 0.0
696.6506927070968 487.31376903639585 0.0
697.5918603231067 486.97582892546734 0.0
698.5330279391166 486.6378888145388 0.0
699.4741955551264 486.2999487036103 0.0
700.4153631711362 485.9620085926818 0.0
701.356530787146 485.6240684817533 0.0
702.2976984031558 485.28612837082477 0.0
703.2388660191657 484.94818825989626 0.0
704.1800336351755 484.61024814896774 0.0
705.1212012511853 484.2723080380392 0.0
706.0623688671951 483.9343679271107 0.0
707.0035364832049 483.5964278161822 0.0
707.9447040992148 483.2584877052537 0.0
708.8858717152247 482.92054759432517 0.0
709.8270393312345 482.58260748339666 0.0
710.7682069472443 482.2446673724681 0.0
711.7093745632541 481.9067272615396 0.0
712.650542179264 481.56878715061106 0.0
713.5917097952738 481.23084703968254 0.0
714.5328774112836 480.89290692875403 0.0
715.4740450272934 480.5549668178255 0.0
716.4152126433032 480.217026706897 0.0
717.356380259313 479.8790865959685 0.0
718.297547875323 479.54114648504 0.0
719.2387154913328 479.20320637411146 0.0
720.1798831073426 478.86526626318295 0.0
721.1210507233524 478.52732615225443 0.0
722.0622183393622 478.1893860413259 0.0
723.0033859553721 477.8514459303974 0.0
723.9445535713819 477.5135058194689 0.0
724.8857211873917 477.1755657085404 0.0
725.8268888034015 476.83762559761186 0.0
726.7680564194113 476.49968548668335 0.0
727.7092240354211 476.16174537575483 0.0
728.650391651431 475.8238052648263 0.0
729.5915592674409 475.4858651538978 0.0
730.5327268834507 475.1479250429693 0.0
731.4738944994605 474.8099849320408 0.0
732.4150621154703 474.47204482111226 0.0
733.3562297314802 474.13410471018375 0.0
734.29739734749 473.79616459925523 0.0
735.2385649634998 473.4582244883267 0.0
736.1797325795096 473.1202843773982 0.0
737.1209001955194 472.7823442664697 0.0
738.0620678115292 472.4444041555412 0.0
739.0032354275392 472.10646404461266 0.0
739.944403043549 471.76852393368415 0.0
740.8855706595588 471.4305838227556 0.0
741.8267382755686 471.0926437118271 0.0
742.7679058915784 470.75470360089855 0.0
743.7090735075883 470.41676348997004 0.0
744.6502411235981 470.0788233790415 0.0
745.5914087396079 469.740883268113 0.0
746.5325763556177 469.4029431571845 0.0
747.4737439716275 469.065003046256 0.0
748.4149115876373 468.72706293532747 0.0
749.3560792036473 468.38912282439895 0.0
750.2972468196571 468.05118271347044 0.0
751.2384144356669 467.7132426025419 0.0
752.1795820516767 467.3753024916134 0.0
753.1207496676865 467.0373623806849 0.0
754.0619172836964 466.6994222697564 0.0
755.0030848997062 466.36148215882787 0.0
755.944252515716 466.02354204789935 0.0
756.8854201317258 465.68560193697084 0.0
757.8265877477356 465.3476618260423 0.0
758.7677553637454 465.0097217151138 0.0
759.7089229797554 464.6717816041853 0.0
760.6500905957652 464.3338414932568 0.0
761.591258211775 463.99590138232827 0.0
762.5324258277848 463.65796127139976 0.0
763.4735934437946 463.32002116047124 0.0
764.4147610598045 462.9820810495427 0.0
765.3559286758143 462.6441409386142 0.0
766.2970962918241 462.3062008276857 0.0
767.2382639078339 461.9682607167572 0.0
768.1794315238437 461.6303206058287 0.0
769.1205991398535 461.29238049490016 0.0
770.0617667558635 460.95444038397164 0.0
771.0029343718733 460.61650027304313 0.0
771.9441019878831 460.27856016211456 0.0
772.8852696038929 459.9406200511861 0.0
773.8264372199027 459.60267994025753 0.0
774.7676048359126 459.264739829329 0.0
775.7087724519224 458.9267997184005 0.0
776.6499400679322 458.588859607472 0.0
777.591107683942 458.2509194965435 0.0
778.5322752999518 457.91297938561496 0.0
779.4734429159616 457.57503927468645 0.0
780.4146105319716 457.23709916375793 0.0
781.3557781479814 456.8991590528294 0.0
782.2969457639912 456.5612189419009 0.0
783.238113380001 456.2232788309724 0.0
784.1792809960109 455.8853387200439 0.0
785.1204486120207 455.54739860911536 0.0
786.0616162280305 455.20945849818685 0.0
787.0027838440403 454.87151838725833 0.0
787.9439514600501 454.5335782763298 0.0
788.8851190760599 454.1956381654013 0.0
789.8262866920697 453.8576980544728 0.0
790.7674543080797 453.5197579435443 0.0
791.7086219240895 453.18181783261576 0.0
792.6497895400993 452.84387772168725 0.0
793.5909571561091 452.50593761075874 0.0
794.532124772119 452.1679974998302 0.0
795.5320081395611 452.15272492595767 0.0
796.5318915070031 452.1374523520851 0.0
797.5317748744452 452.12217977821257 0.0
798.5316582418873 452.1069072043401 0.0
799.5315416093293 452.0916346304675 0.0
800.5314249767715 452.076362056595 0.0
801.5313083442136 452.0610894827224 0.0
802.5311917116557 452.0458169088499 0.0
803.5310750790977 452.0305443349773 0.0
804.5309584465398 452.01527176110477 0.0
805.5308418139819 451.9999991872323 0.0
806.5307251814239 451.9847266133597 0.0
807.530608548866 451.9694540394872 0.0
808.530491916308 451.9541814656146 0.0
809.5303752837501 451.9389088917421 0.0
810.5302586511922 451.9236363178695 0.0
811.5301420186344 451.908363743997 0.0
812.5300253860764 451.8930911701244 0.0
813.5299087535185 451.8778185962519 0.0
814.5297921209606 451.8625460223794 0.0
815.5296754884026 451.8472734485068 0.0
816.5295588558447 451.8320008746343 0.0
817.5294422232868 451.8167283007617 0.0
818.5293255907288 451.8014557268892 0.0
819.5292089581709 451.7861831530166 0.0
820.529092325613 451.77091057914413 0.0
821.528975693055 451.7556380052716 0.0
822.5288590604972 451.740365431399 0.0
823.5287424279393 451.7250928575265 0.0
824.5286257953813 451.7098202836539 0.0
825.5285091628234 451.6945477097814 0.0
826.5283925302655 451.6792751359088 0.0
827.5282758977075 451.66400256203633 0.0
828.5281592651496 451.6487299881638 0.0
829.5280426325917 451.63345741429123 0.0
830.5279260000337 451.6181848404187 0.0
831.5278093674758 451.6029122665461 0.0
832.527692734918 451.5876396926736 0.0
833.5275761023601 451.572367118801 0.0
834.5274594698021 451.5570945449285 0.0
835.5273428372442 451.541821971056 0.0
836.5272262046863 451.52654939718343 0.0
837.5271095721283 451.5112768233109 0.0
838.5269929395704 451.49600424943833 0.0
839.5268763070125 451.4807316755658 0.0
840.5267596744545 451.4654591016932 0.0
841.5266430418966 451.4501865278207 0.0
842.5265264093387 451.4349139539482 0.0
843.5264097767808 451.41964138007563 0.0
844.5262931442229 451.4043688062031 0.0
845.526176511665 451.38909623233053 0.0
846.526059879107 451.373823658458 0.0
847.5259432465491 451.35855108458543 0.0
848.5258266139912 451.3432785107129 0.0
849.5257099814332 451.3280059368404 0.0
850.5255933488753 451.31273336296783 0.0
851.5254767163174 451.2974607890953 0.0
852.5253600837594 451.28218821522273 0.0
853.5252434512015 451.2669156413502 0.0
854.5251268186437 451.25164306747763 0.0
855.5250101860858 451.2363704936051 0.0
856.5248935535278 451.2210979197326 0.0
857.5247769209699 451.20582534586003 0.0
858.524660288412 451.1905527719875 0.0
859.524543655854 451.17528019811493 0.0
860.5244270232961 451.1600076242424 0.0
861.5243103907382 451.14473505036983 0.0
862.5241937581802 451.1294624764973 0.0
863.5240771256223 451.11418990262473 0.0
864.5239604930644 451.09891732875224 0.0
865.5238438605065 451.0836447548797 0.0
866.5237272279486 451.06837218100713 0.0
867.5236105953907 451.0530996071346 0.0
868.5234939628327 451.03782703326203 0.0
869.5233773302748 451.0225544593895 0.0
870.5232606977169 451.00728188551693 0.0
871.4945596229985 451.24514402573 0.0
872.4658585482802 451.483006165943 0.0
873.4371574735618 451.72086830615604 0.0
874.4084563988434 451.9587304463691 0.0
875.3797553241251 452.1965925865821 0.0
876.3510542494067 452.43445472679514 0.0
877.3223531746884 452.6723168670082 0.0
878.29365209997 452.9101790072212 0.0
879.2649510252517 453.14804114743424 0.0
880.2362499505333 453.38590328764724 0.0
881.207548875815 453.6237654278603 0.0
882.1788478010966 453.86162756807335 0.0
883.1501467263782 454.09948970828634 0.0
884.1214456516599 454.3373518484994 0.0
885.0927445769415 454.57521398871245 0.0
886.0640435022232 454.81307612892545 0.0
887.0353424275048 455.0509382691385 0.0
888.0066413527865 455.28880040935155 0.0
888.9779402780681 455.52666254956455 0.0
889.9492392033497 455.7645246897776 0.0
890.9205381286314 456.00238682999066 0.0
891.891837053913 456.24024897020365 0.0
892.8631359791947 456.4781111104167 0.0
893.8344349044763 456.71597325062976 0.0
894.805733829758 456.95383539084276 0.0
895.7770327550396 457.1916975310558 0.0
896.7483316803213 457.42955967126886 0.0
897.7196306056029 457.66742181148186 0.0
898.6909295308845 457.9052839516949 0.0
899.6622284561662 458.14314609190797 0.0
900.6335273814478 458.38100823212096 0.0
901.6048263067295 458.618870372334 0.0
902.5761252320111 458.856732512547 0.0
903.5474241572928 459.09459465276007 0.0
904.5187230825744 459.3324567929731 0.0
905.490022007856 459.5703189331861 0.0
906.4613209331377 459.80818107339917 0.0
907.4326198584193 460.0460432136122 0.0
908.403918783701 460.2839053538252 0.0
909.3752177089826 460.5217674940383 0.0
910.3465166342643 460.7596296342513 0.0
911.3178155595459 460.9974917744643 0.0
912.2891144848276 461.2353539146774 0.0
913.2604134101092 461.47321605489043 0.0
914.2317123353909 461.7110781951034 0.0
915.2030112606725 461.9489403353165 0.0
916.1743101859541 462.18680247552953 0.0
917.1456091112358 462.42466461574253 0.0
918.1169080365174 462.6625267559556 0.0
919.0882069617991 462.9003888961686 0.0
920.0595058870807 463.13825103638163 0.0
921.0308048123624 463.3761131765947 0.0
922.002103737644 463.6139753168077 0.0
922.9734026629257 463.85183745702074 0.0
923.9447015882073 464.0896995972338 0.0
924.9160005134889 464.3275617374468 0.0
925.8872994387706 464.56542387765984 0.0
926.8585983640522 464.8032860178729 0.0
927.8298972893339 465.0411481580859 0.0
928.8011962146154 465.27901029829894 0.0
929.772495139897 465.516872438512 0.0
930.7437940651787 465.754734578725 0.0
931.7150929904603 465.99259671893805 0.0
932.686391915742 466.2304588591511 0.0
933.6576908410236 466.4683209993641 0.0
934.6289897663053 466.70618313957715 0.0
935.6002886915869 466.9440452797902 0.0
936.5715876168686 467.1819074200032 0.0
937.5428865421502 467.41976956021625 0.0
938.5141854674318 467.6576317004293 0.0
939.4854843927135 467.8954938406423 0.0
940.4567833179951 468.13335598085536 0.0
941.4280822432768 468.37121812106835 0.0
942.3993811685584 468.6090802612814 0.0
943.3706800938401 468.84694240149446 0.0
944.3419790191217 469.08480454170746 0.0
945.3132779444034 469.3226666819205 0.0
946.284576869685 469.56052882213356 0.0
947.2558757949666 469.79839096234656 0.0
948.2271747202483 470.0362531025596 0.0
949.1984736455299 470.27411524277267 0.0
950.1697725708116 470.51197738298566 0.0
951.1410714960932 470.7498395231987 0.0
952.1123704213749 470.98770166341177 0.0
953.0836693466565 471.22556380362477 0.0
954.0549682719382 471.4634259438378 0.0
955.0262671972198 471.7012880840509 0.0
955.9975661225014 471.93915022426387 0.0
956.9688650477831 472.1770123644769 0.0
957.9401639730647 472.4148745046899 0.0
958.9114628983464 472.652736644903 0.0
959.882761823628 472.890598785116 0.0
960.8540607489097 473.128460925329 0.0
961.8253596741913 473.3663230655421 0.0
962.796658599473 473.60418520575513 0.0
963.7679575247546 473.8420473459681 0.0
964.7392564500362 474.0799094861812 0.0
965.7105553753179 474.31777162639423 0.0
966.6818543005995 474.55563376660723 0.0
967.6531532258812 474.7934959068203 0.0
968.6244521511628 475.03135804703334 0.0
969.5957510764445 475.26922018724633 0.0
970.5670500017261 475.5070823274594 0.0
971.5383489270077 475.74494446767244 0.0
972.5096478522894 475.98280660788544 0.0
973.480946777571 476.2206687480985 0.0
974.4522457028527 476.45853088831154 0.0
975.4235446281343 476.69639302852454 0.0
976.394843553416 476.9342551687376 0.0
977.3661424786976 477.17211730895065 0.0
978.3374414039793 477.40997944916364 0.0
979.3087403292609 477.6478415893767 0.0
980.2800392545425 477.8857037295897 0.0
981.2513381798242 478.12356586980275 0.0
982.2226371051058 478.3614280100158 0.0
983.1939360303875 478.5992901502288 0.0
984.1652349556691 478.83715229044185 0.0
985.1365338809508 479.0750144306549 0.0
986.1078328062324 479.3128765708679 0.0
987.079131731514 479.55073871108095 0.0
988.0504306567957 479.788600851294 0.0
989.0217295820773 480.026462991507 0.0
989.993028507359 480.26432513172006 0.0
990.9643274326406 480.5021872719331 0.0
991.9356263579223 480.7400494121461 0.0
992.9069252832039 480.97791155235916 0.0
993.8782242084856 481.2157736925722 0.0
994.8495231337672 481.4536358327852 0.0
995.8208220590489 481.69149797299826 0.0
996.7921209843305 481.92936011321126 0.0
997.7634199096121 482.1672222534243 0.0
998.7347188348938 482.40508439363737 0.0
999.7060177601754 482.64294653385036 0.0
1000.6773166854571 482.8808086740634 0.0
1001.6486156107387 483.11867081427647 0.0
1002.6199145360204 483.35653295448947 0.0
1003.591213461302 483.5943950947025 0.0
1004.5625123865836 483.8322572349156 0.0
1005.5338113118653 484.07011937512857 0.0
1006.5051102371469 484.3079815153416 0.0
1007.4764091624286 484.5458436555547 0.0
1008.4477080877102 484.7837057957677 0.0
1009.4190070129919 485.0215679359807 0.0
1010.3903059382735 485.2594300761938 0.0
1011.3616048635552 485.4972922164068 0.0
1012.3329037888368 485.73515435661983 0.0
1013.3042027141184 485.9730164968329 0.0
1014.2755016394001 486.2108786370459 0.0
1015.2468005646817 486.44874077725893 0.0
1016.2180994899634 486.686602917472 0.0
1017.189398415245 486.924465057685 0.0
1018.1606973405267 487.16232719789804 0.0
1019.1319962658083 487.40018933811103 0.0
1020.10329519109 487.6380514783241 0.0
1021.0745941163716 487.87591361853714 0.0
1022.0458930416532 488.11377575875014 0.0
1023.0171919669349 488.3516378989632 0.0
1023.9884908922165 488.58950003917624 0.0
1024.9597898174982 488.82736217938924 0.0
1025.9310887427798 489.0652243196023 0.0
1026.9023876680615 489.30308645981535 0.0
1027.873686593343 489.54094860002834 0.0
1028.8449855186248 489.7788107402414 0.0
1029.8162844439064 490.01667288045445 0.0
1030.787583369188 490.25453502066745 0.0
1031.7588822944697 490.4923971608805 0.0
1032.7301812197513 490.7302593010935 0.0
1033.701480145033 490.96812144130655 0.0
1034.6727790703146 491.2059835815196 0.0
1035.6440779955963 491.4438457217326 0.0
1036.615376920878 491.68170786194565 0.0
1037.5866758461596 491.9195700021587 0.0
1038.5579747714412 492.1574321423717 0.0
1039.5292736967228 492.39529428258476 0.0
1040.5005726220045 492.6331564227978 0.0
1041.4718715472861 492.8710185630108 0.0
1042.4431704725678 493.10888070322386 0.0
1043.4144693978494 493.3467428434369 0.0
1044.385768323131 493.5846049836499 0.0
1045.3570672484127 493.82246712386296 0.0
1046.3283661736943 494.060329264076 0.0
1047.299665098976 494.298191404289 0.0
1048.2709640242576 494.53605354450207 0.0
1049.2422629495393 494.7739156847151 0.0
1050.213561874821 495.0117778249281 0.0
1051.1848608001026 495.24963996514117 0.0
1052.1561597253842 495.4875021053542 0.0
1053.1274586506659 495.7253642455672 0.0
1054.0987575759475 495.9632263857803 0.0
1055.0700565012291 496.2010885259933 0.0
1056.0413554265108 496.4389506662063 0.0
1057.0126543517924 496.6768128064194 0.0
1057.983953277074 496.9146749466324 0.0
1058.9552522023557 497.1525370868454 0.0
1059.9265511276374 497.3903992270585 0.0
1060.897850052919 497.6282613672715 0.0
1061.8691489782007 497.86612350748453 0.0
1062.8404479034823 498.1039856476976 0.0
1063.811746828764 498.3418477879106 0.0
1064.7830457540456 498.57970992812363 0.0
1065.7543446793272 498.8175720683367 0.0
1066.7256436046089 499.0554342085497 0.0
1067.6969425298905 499.29329634876274 0.0
1068.6682414551722 499.5311584889758 0.0
1069.6395403804538 499.7690206291888 0.0
1070.6108393057355 500.00688276940184 0.0
1071.582138231017 500.24474490961484 0.0
1072.5534371562987 500.4826070498279 0.0
1073.5247360815804 500.72046919004094 0.0
1074.496035006862 500.95833133025394 0.0
1075.4673339321437 501.196193470467 0.0
1076.4386328574253 501.43405561068005 0.0
1077.409931782707 501.67191775089304 0.0
1078.3812307079886 501.9097798911061 0.0
1079.3525296332703 502.14764203131915 0.0
1080.323828558552 502.38550417153215 0.0
1081.2951274838335 502.6233663117452 0.0
1082.2664264091152 502.86122845195825 0.0
1083.2377253343968 503.09909059217125 0.0
1084.2090242596785 503.3369527323843 0.0
1085.1803231849601 503.57481487259736 0.0
1086.1516221102418 503.81267701281035 0.0
1087.1229210355234 504.0505391530234 0.0
1088.094219960805 504.28840129323646 0.0
1089.0655188860867 504.52626343344946 0.0
1090.0368178113683 504.7641255736625 0.0
1090.9815705885721 504.43634181877906 0.0
1091.9263233657762 504.1085580638956 0.0
1092.87107614298 503.7807743090121 0.0
1093.815828920184 503.45299055412863 0.0
1094.7605816973878 503.1252067992452 0.0
1095.7053344745918 502.7974230443617 0.0
1096.6500872517956 502.4696392894782 0.0
1097.5948400289997 502.14185553459475 0.0
1098.5395928062035 501.8140717797113 0.0
1099.4843455834075 501.48628802482784 0.0
1100.4290983606113 501.15850426994433 0.0
1101.373851137815 500.8307205150609 0.0
1102.3186039150191 500.5029367601774 0.0
1103.263356692223 500.17515300529396 0.0
1104.208109469427 499.84736925041045 0.0
1105.1528622466308 499.519585495527 0.0
1106.0976150238348 499.19180174064354 0.0
1107.0423678010386 498.8640179857601 0.0
1107.9871205782426 498.5362342308766 0.0
1108.9318733554464 498.2084504759931 0.0
1109.8766261326505 497.88066672110966 0.0
1110.8213789098543 497.5528829662262 0.0
1111.766131687058 497.2250992113427 0.0
1112.710884464262 496.89731545645924 0.0
1113.655637241466 496.5695317015758 0.0
1114.60039001867 496.2417479466923 0.0
1115.5451427958737 495.9139641918089 0.0
1116.4898955730778 495.58618043692536 0.0
1117.4346483502816 495.2583966820419 0.0
1118.3794011274856 494.93061292715845 0.0
1119.3241539046894 494.602829172275 0.0
1120.2689066818934 494.2750454173915 0.0
1121.2136594590972 493.947261662508 0.0
1122.158412236301 493.61947790762457 0.0
1123.103165013505 493.2916941527411 0.0
1124.0479177907089 492.9639103978576 0.0
1124.992670567913 492.63612664297415 0.0
1125.9374233451167 492.3083428880907 0.0
1126.8821761223207 491.98055913320724 0.0
1127.8269288995245 491.6527753783237 0.0
1128.7716816767286 491.32499162344027 0.0
1129.7164344539324 490.9972078685568 0.0
1130.6611872311364 490.66942411367336 0.0
1131.6059400083402 490.34164035878985 0.0
1132.550692785544 490.0138566039064 0.0
1133.495445562748 489.68607284902293 0.0
1134.4401983399518 489.3582890941395 0.0
1135.3849511171559 489.03050533925597 0.0
1136.3297038943597 488.7027215843725 0.0
1137.2744566715637 488.37493782948906 0.0
1138.2192094487675 488.0471540746056 0.0
1139.1639622259715 487.7193703197221 0.0
1140.1087150031753 487.39158656483863 0.0
1141.0534677803794 487.0638028099552 0.0
1141.9982205575832 486.7360190550717 0.0
1142.942973334787 486.40823530018827 0.0
1143.887726111991 486.08045154530475 0.0
1144.8324788891948 485.7526677904213 0.0
1145.7772316663988 485.42488403553784 0.0
1146.7219844436027 485.09710028065433 0.0
1147.6667372208067 484.7693165257709 0.0
1148.6114899980105 484.4415327708874 0.0
1149.5562427752145 484.11374901600396 0.0
1150.5009955524183 483.7859652611205 0.0
1151.4457483296223 483.458181506237 0.0
1152.3905011068262 483.13039775135354 0.0
1153.33525388403 482.8026139964701 0.0
1154.280006661234 482.47483024158663 0.0
1155.2247594384378 482.1470464867031 0.0
1156.1695122156418 481.81926273181966 0.0
1157.1142649928456 481.4914789769362 0.0
1158.0590177700496 481.16369522205275 0.0
1159.0037705472535 480.83591146716924 0.0
1159.9485233244575 480.5081277122858 0.0
1160.8932761016613 480.18034395740233 0.0
1161.8380288788653 479.8525602025189 0.0
1162.7827816560691 479.52477644763536 0.0
1163.727534433273 479.1969926927519 0.0
1164.672287210477 478.86920893786845 0.0
1165.6170399876808 478.541425182985 0.0
1166.5617927648848 478.2136414281015 0.0
1167.5065455420886 477.885857673218 0.0
1168.4512983192926 477.55807391833457 0.0
1169.3960510964964 477.2302901634511 0.0
1170.3408038737005 476.90250640856766 0.0
1171.2855566509043 476.57472265368415 0.0
1172.2303094281083 476.2469388988007 0.0
1173.175062205312 475.91915514391724 0.0
1174.119814982516 475.5913713890338 0.0
1175.06456775972 475.26358763415027 0.0
1176.0093205369237 474.9358038792668 0.0
1176.9540733141278 474.60802012438336 0.0
1177.8988260913316 474.2802363694999 0.0
1178.8435788685356 473.9524526146164 0.0
1179.7883316457394 473.62466885973294 0.0
1180.7330844229434 473.2968851048495 0.0
1181.6778372001472 472.969101349966 0.0
1182.6225899773513 472.6413175950825 0.0
1183.567342754555 472.31353384019906 0.0
1184.5120955317589 471.9857500853156 0.0
1185.456848308963 471.65796633043215 0.0
1186.4016010861667 471.33018257554863 0.0
1187.3463538633707 471.0023988206652 0.0
1188.2911066405745 470.6746150657817 0.0
1189.2358594177786 470.34683131089827 0.0
1190.1806121949824 470.01904755601475 0.0
1191.1253649721864 469.6912638011313 0.0
1192.0701177493902 469.36348004624784 0.0
1193.0148705265942 469.0356962913644 0.0
1193.959623303798 468.7079125364809 0.0
1194.9043760810018 468.3801287815974 0.0
1195.8491288582059 468.05234502671397 0.0
1196.8230177479893 467.8253198511138 0.0
1197.7969066377727 467.5982946755136 0.0
1198.7707955275564 467.37126949991347 0.0
1199.7446844173398 467.14424432431326 0.0
1200.7185733071233 466.9172191487131 0.0
1201.6924621969067 466.6901939731129 0.0
1202.6663510866902 466.46316879751276 0.0
1203.6402399764738 466.23614362191256 0.0
1204.6141288662573 466.0091184463124 0.0
1205.5880177560407 465.78209327071227 0.0
1206.5619066458241 465.55506809511206 0.0
1207.5357955356078 465.3280429195119 0.0
1208.5096844253912 465.1010177439117 0.0
1209.4835733151747 464.87399256831156 0.0
1210.4574622049581 464.64696739271136 0.0
1211.4313510947416 464.4199422171112 0.0
1212.4052399845252 464.19291704151107 0.0
1213.3791288743087 463.96589186591086 0.0
1214.353017764092 463.7388666903107 0.0
1215.3269066538755 463.5118415147105 0.0
1216.300795543659 463.28481633911036 0.0
1217.2746844334426 463.05779116351016 0.0
1218.248573323226 462.83076598791 0.0
1219.2224622130095 462.6037408123098 0.0
1220.196351102793 462.37671563670966 0.0
1221.1702399925764 462.1496904611095 0.0
1222.14412888236 461.9226652855093 0.0
1223.1180177721435 461.69564010990916 0.0
1224.091906661927 461.46861493430896 0.0
1225.0657955517104 461.2415897587088 0.0
1226.0396844414938 461.0145645831086 0.0
1227.0135733312775 460.78753940750846 0.0
1227.987462221061 460.5605142319083 0.0
1228.9613511108444 460.3334890563081 0.0
1229.9352400006278 460.10646388070796 0.0
1230.9091288904115 459.87943870510776 0.0
1231.883017780195 459.6524135295076 0.0
1232.8569066699783 459.4253883539074 0.0
1233.8307955597618 459.19836317830726 0.0
1234.8046844495452 458.97133800270706 0.0
1235.778573339329 458.7443128271069 0.0
1236.7524622291123 458.51728765150676 0.0
1237.7263511188958 458.29026247590656 0.0
1238.7002400086792 458.0632373003064 0.0
1239.6741288984626 457.8362121247062 0.0
1240.6480177882463 457.60918694910606 0.0
1241.6219066780297 457.38216177350586 0.0
1242.5957955678132 457.1551365979057 0.0
1243.5696844575966 456.9281114223055 0.0
1244.54357334738 456.70108624670536 0.0
1245.5174622371637 456.4740610711052 0.0
1246.4913511269472 456.247035895505 0.0
1247.4652400167306 456.02001071990486 0.0
1248.439128906514 455.79298554430466 0.0
1249.4130177962975 455.5659603687045 0.0
1250.3869066860811 455.3389351931043 0.0
1251.3607955758646 455.11191001750416 0.0
1252.334684465648 454.884884841904 0.0
1253.3085733554315 454.6578596663038 0.0
1254.2824622452151 454.43083449070366 0.0
1255.2563511349986 454.20380931510346 0.0
1256.230240024782 453.9767841395033 0.0
1257.2041289145654 453.7497589639031 0.0
1258.1780178043489 453.52273378830296 0.0
1259.1519066941325 453.29570861270275 0.0
1260.125795583916 453.0686834371026 0.0
1261.0996844736994 452.84165826150246 0.0
1262.0735733634829 452.61463308590226 0.0
1263.0474622532663 452.3876079103021 0.0
1264.02135114305 452.1605827347019 0.0
1264.9952400328334 451.93355755910176 0.0
1265.9691289226168 451.70653238350155 0.0
1266.9430178124003 451.4795072079014 0.0
1267.9169067021837 451.25248203230126 0.0
1268.8907955919674 451.02545685670106 0.0
